timestamp_window_end,src_ip,dst_ip,is_to_victim,packet_rate_ewma,packet_count_1s,byte_count_1s,avg_pkt_size,pkt_size_std,inter_arrival_std,label_hint
2026-05-17 15:18:30.521,10.0.0.1,10.0.0.2,0,0.3,1,98,98.0,0.0,0.0,normal
2026-05-17 15:18:30.521,10.0.0.1,10.0.0.6,0,0.9,3,294,98.0,0.0,0.001217,normal
2026-05-17 15:18:30.521,10.0.0.1,10.0.0.9,0,0.9,3,294,98.0,0.0,0.00301,normal
2026-05-17 15:18:30.521,10.0.0.1,10.0.0.7,0,0.9,3,294,98.0,0.0,0.006298,normal
2026-05-17 15:18:30.521,10.0.0.1,10.0.0.4,0,0.3,1,98,98.0,0.0,0.0,normal
2026-05-17 15:18:30.521,10.0.0.1,10.0.0.5,0,0.3,1,98,98.0,0.0,0.0,normal
2026-05-17 15:18:30.521,10.0.0.1,10.0.0.3,0,0.3,1,98,98.0,0.0,0.0,normal
2026-05-17 15:18:30.521,10.0.0.1,10.0.0.8,0,0.9,3,294,98.0,0.0,0.003964,normal
2026-05-17 15:18:31.527,10.0.0.1,10.0.0.22,0,0.9,3,294,98.0,0.0,0.001906,normal
2026-05-17 15:18:31.527,10.0.0.1,10.0.0.10,0,0.9,3,294,98.0,0.0,0.00088,normal
2026-05-17 15:18:31.527,10.0.0.1,10.0.0.15,0,0.9,3,294,98.0,0.0,0.000498,normal
2026-05-17 15:18:31.527,10.0.0.1,10.0.0.18,0,0.9,3,294,98.0,0.0,0.000708,normal
2026-05-17 15:18:31.527,10.0.0.1,10.0.0.21,0,0.9,3,294,98.0,0.0,0.000787,normal
2026-05-17 15:18:31.527,10.0.0.1,10.0.0.11,0,0.9,3,294,98.0,0.0,0.004196,normal
2026-05-17 15:18:31.527,10.0.0.1,10.0.0.20,0,0.9,3,294,98.0,0.0,4.5e-05,normal
2026-05-17 15:18:31.527,10.0.0.1,10.0.0.19,0,0.9,3,294,98.0,0.0,0.001399,normal
2026-05-17 15:18:31.527,10.0.0.1,10.0.0.14,0,0.9,3,294,98.0,0.0,0.006586,normal
2026-05-17 15:18:31.527,10.0.0.1,10.0.0.17,0,0.9,3,294,98.0,0.0,0.000194,normal
2026-05-17 15:18:31.527,10.0.0.1,10.0.0.12,0,0.9,3,294,98.0,0.0,0.000409,normal
2026-05-17 15:18:31.527,10.0.0.1,10.0.0.16,0,0.9,3,294,98.0,0.0,0.000221,normal
2026-05-17 15:18:31.527,10.0.0.1,10.0.0.13,0,0.9,3,294,98.0,0.0,0.001325,normal
2026-05-17 15:18:32.535,10.0.0.2,10.0.0.3,0,0.3,1,98,98.0,0.0,0.0,normal
2026-05-17 15:18:32.535,10.0.0.2,10.0.0.8,0,0.9,3,294,98.0,0.0,0.000565,normal
2026-05-17 15:18:32.535,10.0.0.2,10.0.0.1,0,0.3,1,98,98.0,0.0,0.0,normal
2026-05-17 15:18:32.535,10.0.0.2,10.0.0.12,0,0.9,3,294,98.0,0.0,0.00105,normal
2026-05-17 15:18:32.535,10.0.0.2,10.0.0.6,0,0.9,3,294,98.0,0.0,0.002618,normal
2026-05-17 15:18:32.535,10.0.0.2,10.0.0.16,0,0.9,3,294,98.0,0.0,0.001297,normal
2026-05-17 15:18:32.535,10.0.0.1,10.0.0.23,0,0.9,3,294,98.0,0.0,0.000301,normal
2026-05-17 15:18:32.535,10.0.0.2,10.0.0.13,0,0.9,3,294,98.0,0.0,0.000483,normal
2026-05-17 15:18:32.535,10.0.0.2,10.0.0.9,0,0.9,3,294,98.0,0.0,0.000243,normal
2026-05-17 15:18:32.535,10.0.0.2,10.0.0.5,0,0.3,1,98,98.0,0.0,0.0,normal
2026-05-17 15:18:32.535,10.0.0.2,10.0.0.10,0,0.9,3,294,98.0,0.0,0.000588,normal
2026-05-17 15:18:32.535,10.0.0.2,10.0.0.7,0,0.9,3,294,98.0,0.0,0.000694,normal
2026-05-17 15:18:32.535,10.0.0.1,10.0.0.25,1,0.9,3,294,98.0,0.0,0.000149,normal
2026-05-17 15:18:32.535,10.0.0.2,10.0.0.15,0,0.9,3,294,98.0,0.0,9.5e-05,normal
2026-05-17 15:18:32.535,10.0.0.2,10.0.0.18,0,0.9,3,294,98.0,0.0,0.000207,normal
2026-05-17 15:18:32.535,10.0.0.1,10.0.0.24,0,0.9,3,294,98.0,0.0,0.000448,normal
2026-05-17 15:18:32.535,10.0.0.2,10.0.0.19,0,0.6,2,196,98.0,0.0,0.0,normal
2026-05-17 15:18:32.535,10.0.0.2,10.0.0.11,0,0.9,3,294,98.0,0.0,8.4e-05,normal
2026-05-17 15:18:32.535,10.0.0.2,10.0.0.4,0,0.3,1,98,98.0,0.0,0.0,normal
2026-05-17 15:18:32.535,10.0.0.2,10.0.0.14,0,0.9,3,294,98.0,0.0,0.000537,normal
2026-05-17 15:18:32.535,10.0.0.2,10.0.0.17,0,0.9,3,294,98.0,0.0,0.0006,normal
2026-05-17 15:18:33.542,10.0.0.2,10.0.0.25,1,0.9,3,294,98.0,0.0,5.7e-05,normal
2026-05-17 15:18:33.542,10.0.0.3,10.0.0.9,0,0.9,3,294,98.0,0.0,0.000544,normal
2026-05-17 15:18:33.542,10.0.0.2,10.0.0.24,0,0.9,3,294,98.0,0.0,0.000202,normal
2026-05-17 15:18:33.542,10.0.0.3,10.0.0.5,0,0.3,1,98,98.0,0.0,0.0,normal
2026-05-17 15:18:33.542,10.0.0.3,10.0.0.10,0,0.9,3,294,98.0,0.0,0.000882,normal
2026-05-17 15:18:33.542,10.0.0.3,10.0.0.7,0,0.9,3,294,98.0,0.0,0.000244,normal
2026-05-17 15:18:33.542,10.0.0.2,10.0.0.22,0,0.9,3,294,98.0,0.0,0.000622,normal
2026-05-17 15:18:33.542,10.0.0.2,10.0.0.23,0,0.9,3,294,98.0,0.0,0.000253,normal
2026-05-17 15:18:33.542,10.0.0.3,10.0.0.2,0,0.3,1,98,98.0,0.0,0.0,normal
2026-05-17 15:18:33.542,10.0.0.3,10.0.0.11,0,0.9,3,294,98.0,0.0,0.00144,normal
2026-05-17 15:18:33.542,10.0.0.3,10.0.0.4,0,0.3,1,98,98.0,0.0,0.0,normal
2026-05-17 15:18:33.542,10.0.0.3,10.0.0.8,0,0.9,3,294,98.0,0.0,0.001282,normal
2026-05-17 15:18:33.542,10.0.0.3,10.0.0.1,0,0.3,1,98,98.0,0.0,0.0,normal
2026-05-17 15:18:33.542,10.0.0.3,10.0.0.12,0,0.9,3,294,98.0,0.0,5.9e-05,normal
2026-05-17 15:18:33.542,10.0.0.2,10.0.0.21,0,0.9,3,294,98.0,0.0,4.5e-05,normal
2026-05-17 15:18:33.542,10.0.0.3,10.0.0.6,0,0.9,3,294,98.0,0.0,0.001417,normal
2026-05-17 15:18:33.542,10.0.0.2,10.0.0.20,0,0.9,3,294,98.0,0.0,0.002101,normal
2026-05-17 15:18:34.548,10.0.0.4,10.0.0.3,0,0.3,1,98,98.0,0.0,0.0,normal
2026-05-17 15:18:34.548,10.0.0.3,10.0.0.21,0,0.9,3,294,98.0,0.0,0.001599,normal
2026-05-17 15:18:34.548,10.0.0.3,10.0.0.14,0,0.9,3,294,98.0,0.0,0.000378,normal
2026-05-17 15:18:34.548,10.0.0.3,10.0.0.24,0,0.9,3,294,98.0,0.0,0.000456,normal
2026-05-17 15:18:34.548,10.0.0.3,10.0.0.22,0,0.9,3,294,98.0,0.0,0.000241,normal
2026-05-17 15:18:34.548,10.0.0.3,10.0.0.25,1,0.9,3,294,98.0,0.0,0.001567,normal
2026-05-17 15:18:34.548,10.0.0.4,10.0.0.7,0,0.9,3,294,98.0,0.0,0.001186,normal
2026-05-17 15:18:34.548,10.0.0.3,10.0.0.23,0,0.9,3,294,98.0,0.0,0.001307,normal
2026-05-17 15:18:34.548,10.0.0.4,10.0.0.2,0,0.3,1,98,98.0,0.0,0.0,normal
2026-05-17 15:18:34.548,10.0.0.3,10.0.0.15,0,0.9,3,294,98.0,0.0,0.000266,normal
2026-05-17 15:18:34.548,10.0.0.3,10.0.0.18,0,0.9,3,294,98.0,0.0,2.7e-05,normal
2026-05-17 15:18:34.548,10.0.0.4,10.0.0.1,0,0.3,1,98,98.0,0.0,0.0,normal
2026-05-17 15:18:34.548,10.0.0.4,10.0.0.6,0,0.9,3,294,98.0,0.0,0.000398,normal
2026-05-17 15:18:34.548,10.0.0.3,10.0.0.17,0,0.9,3,294,98.0,0.0,0.000258,normal
2026-05-17 15:18:34.548,10.0.0.3,10.0.0.13,0,0.9,3,294,98.0,0.0,0.000118,normal
2026-05-17 15:18:34.548,10.0.0.4,10.0.0.5,0,0.3,1,98,98.0,0.0,0.0,normal
2026-05-17 15:18:34.548,10.0.0.4,10.0.0.8,0,0.9,3,294,98.0,0.0,0.000603,normal
2026-05-17 15:18:34.548,10.0.0.3,10.0.0.20,0,0.9,3,294,98.0,0.0,0.000588,normal
2026-05-17 15:18:34.548,10.0.0.3,10.0.0.19,0,0.9,3,294,98.0,0.0,6.5e-05,normal
2026-05-17 15:18:34.548,10.0.0.3,10.0.0.16,0,0.9,3,294,98.0,0.0,0.001052,normal
2026-05-17 15:18:35.554,10.0.0.4,10.0.0.15,0,0.9,3,294,98.0,0.0,0.002922,normal
2026-05-17 15:18:35.554,10.0.0.4,10.0.0.23,0,0.9,3,294,98.0,0.0,0.000247,normal
2026-05-17 15:18:35.554,10.0.0.4,10.0.0.10,0,0.9,3,294,98.0,0.0,0.002742,normal
2026-05-17 15:18:35.554,10.0.0.4,10.0.0.18,0,0.9,3,294,98.0,0.0,0.000948,normal
2026-05-17 15:18:35.554,10.0.0.4,10.0.0.20,0,0.9,3,294,98.0,0.0,0.000544,normal
2026-05-17 15:18:35.554,10.0.0.4,10.0.0.19,0,0.9,3,294,98.0,0.0,0.000415,normal
2026-05-17 15:18:35.554,10.0.0.4,10.0.0.17,0,0.9,3,294,98.0,0.0,0.000334,normal
2026-05-17 15:18:35.554,10.0.0.4,10.0.0.13,0,0.9,3,294,98.0,0.0,0.001158,normal
2026-05-17 15:18:35.554,10.0.0.4,10.0.0.21,0,0.9,3,294,98.0,0.0,0.00102,normal
2026-05-17 15:18:35.554,10.0.0.4,10.0.0.11,0,0.9,3,294,98.0,0.0,0.000118,normal
2026-05-17 15:18:35.554,10.0.0.4,10.0.0.14,0,0.9,3,294,98.0,0.0,0.00136,normal
2026-05-17 15:18:35.554,10.0.0.4,10.0.0.12,0,0.9,3,294,98.0,0.0,8e-05,normal
2026-05-17 15:18:35.554,10.0.0.4,10.0.0.16,0,0.9,3,294,98.0,0.0,0.000552,normal
2026-05-17 15:18:35.554,10.0.0.4,10.0.0.22,0,0.9,3,294,98.0,0.0,9.4e-05,normal
2026-05-17 15:18:35.554,10.0.0.4,10.0.0.9,0,0.9,3,294,98.0,0.0,0.001739,normal
2026-05-17 15:18:36.560,10.0.0.5,10.0.0.3,0,0.3,1,98,98.0,0.0,0.0,normal
2026-05-17 15:18:36.560,10.0.0.4,10.0.0.25,1,0.9,3,294,98.0,0.0,0.000458,normal
2026-05-17 15:18:36.560,10.0.0.4,10.0.0.24,0,0.9,3,294,98.0,0.0,0.000153,normal
2026-05-17 15:18:36.560,10.0.0.5,10.0.0.15,0,0.9,3,294,98.0,0.0,0.001896,normal
2026-05-17 15:18:36.560,10.0.0.5,10.0.0.2,0,0.3,1,98,98.0,0.0,0.0,normal
2026-05-17 15:18:36.560,10.0.0.5,10.0.0.4,0,0.3,1,98,98.0,0.0,0.0,normal
2026-05-17 15:18:36.560,10.0.0.5,10.0.0.13,0,0.9,3,294,98.0,0.0,0.000554,normal
2026-05-17 15:18:36.560,10.0.0.5,10.0.0.10,0,0.9,3,294,98.0,0.0,6e-05,normal
2026-05-17 15:18:36.560,10.0.0.5,10.0.0.7,0,0.9,3,294,98.0,0.0,0.001003,normal
2026-05-17 15:18:36.560,10.0.0.5,10.0.0.17,0,0.9,3,294,98.0,0.0,0.004623,normal
2026-05-17 15:18:36.560,10.0.0.5,10.0.0.1,0,0.3,1,98,98.0,0.0,0.0,normal
2026-05-17 15:18:36.560,10.0.0.5,10.0.0.6,0,0.9,3,294,98.0,0.0,0.000686,normal
2026-05-17 15:18:36.560,10.0.0.5,10.0.0.11,0,0.9,3,294,98.0,0.0,0.001523,normal
2026-05-17 15:18:36.560,10.0.0.5,10.0.0.8,0,0.9,3,294,98.0,0.0,0.003963,normal
2026-05-17 15:18:36.560,10.0.0.5,10.0.0.14,0,0.9,3,294,98.0,0.0,0.000156,normal
2026-05-17 15:18:36.560,10.0.0.5,10.0.0.12,0,0.9,3,294,98.0,0.0,0.000204,normal
2026-05-17 15:18:36.560,10.0.0.5,10.0.0.16,0,0.9,3,294,98.0,0.0,0.000141,normal
2026-05-17 15:18:36.560,10.0.0.5,10.0.0.9,0,0.9,3,294,98.0,0.0,0.000789,normal
2026-05-17 15:18:37.569,10.0.0.6,10.0.0.10,0,0.3,1,98,98.0,0.0,0.0,normal
2026-05-17 15:18:37.569,10.0.0.6,10.0.0.7,0,0.3,1,98,98.0,0.0,0.0,normal
2026-05-17 15:18:37.569,10.0.0.5,10.0.0.25,1,0.9,3,294,98.0,0.0,0.000162,normal
2026-05-17 15:18:37.569,10.0.0.5,10.0.0.24,0,0.9,3,294,98.0,0.0,0.000417,normal
2026-05-17 15:18:37.569,10.0.0.6,10.0.0.1,0,0.9,3,294,98.0,0.0,0.003684,normal
2026-05-17 15:18:37.569,10.0.0.5,10.0.0.18,0,0.9,3,294,98.0,0.0,0.001474,normal
2026-05-17 15:18:37.569,10.0.0.6,10.0.0.5,0,0.9,3,294,98.0,0.0,0.005477,normal
2026-05-17 15:18:37.569,10.0.0.6,10.0.0.11,0,0.9,3,294,98.0,0.0,0.000643,normal
2026-05-17 15:18:37.569,10.0.0.6,10.0.0.8,0,0.3,1,98,98.0,0.0,0.0,normal
2026-05-17 15:18:37.569,10.0.0.5,10.0.0.23,0,0.9,3,294,98.0,0.0,0.000567,normal
2026-05-17 15:18:37.569,10.0.0.6,10.0.0.9,0,0.3,1,98,98.0,0.0,0.0,normal
2026-05-17 15:18:37.569,10.0.0.5,10.0.0.20,0,0.9,3,294,98.0,0.0,0.001172,normal
2026-05-17 15:18:37.569,10.0.0.5,10.0.0.19,0,0.9,3,294,98.0,0.0,4.3e-05,normal
2026-05-17 15:18:37.569,10.0.0.6,10.0.0.3,0,0.9,3,294,98.0,0.0,0.003293,normal
2026-05-17 15:18:37.569,10.0.0.5,10.0.0.21,0,0.9,3,294,98.0,0.0,0.000142,normal
2026-05-17 15:18:37.569,10.0.0.6,10.0.0.2,0,0.9,3,294,98.0,0.0,0.00615,normal
2026-05-17 15:18:37.569,10.0.0.6,10.0.0.4,0,0.9,3,294,98.0,0.0,0.001365,normal
2026-05-17 15:18:37.569,10.0.0.5,10.0.0.22,0,0.9,3,294,98.0,0.0,0.000127,normal
2026-05-17 15:18:38.575,10.0.0.6,10.0.0.23,0,0.9,3,294,98.0,0.0,0.001667,normal
2026-05-17 15:18:38.575,10.0.0.6,10.0.0.19,0,0.9,3,294,98.0,0.0,0.000748,normal
2026-05-17 15:18:38.575,10.0.0.6,10.0.0.20,0,0.9,3,294,98.0,0.0,0.000105,normal
2026-05-17 15:18:38.575,10.0.0.7,10.0.0.2,0,0.9,3,294,98.0,0.0,0.002906,normal
2026-05-17 15:18:38.575,10.0.0.6,10.0.0.17,0,0.9,3,294,98.0,0.0,9.7e-05,normal
2026-05-17 15:18:38.575,10.0.0.7,10.0.0.1,0,0.9,3,294,98.0,0.0,0.002132,normal
2026-05-17 15:18:38.575,10.0.0.6,10.0.0.21,0,0.9,3,294,98.0,0.0,0.000689,normal
2026-05-17 15:18:38.575,10.0.0.6,10.0.0.14,0,0.9,3,294,98.0,0.0,0.000641,normal
2026-05-17 15:18:38.575,10.0.0.6,10.0.0.12,0,0.9,3,294,98.0,0.0,0.000158,normal
2026-05-17 15:18:38.575,10.0.0.6,10.0.0.16,0,0.9,3,294,98.0,0.0,0.000113,normal
2026-05-17 15:18:38.575,10.0.0.6,10.0.0.22,0,0.9,3,294,98.0,0.0,4e-06,normal
2026-05-17 15:18:38.575,10.0.0.6,10.0.0.25,1,0.9,3,294,98.0,0.0,0.000131,normal
2026-05-17 15:18:38.575,10.0.0.7,10.0.0.3,0,0.9,3,294,98.0,0.0,0.008096,normal
2026-05-17 15:18:38.575,10.0.0.6,10.0.0.24,0,0.9,3,294,98.0,0.0,0.000278,normal
2026-05-17 15:18:38.575,10.0.0.6,10.0.0.15,0,0.9,3,294,98.0,0.0,0.001254,normal
2026-05-17 15:18:38.575,10.0.0.6,10.0.0.18,0,0.9,3,294,98.0,0.0,0.000304,normal
2026-05-17 15:18:38.575,10.0.0.6,10.0.0.13,0,0.9,3,294,98.0,0.0,0.001054,normal
2026-05-17 15:18:39.590,10.0.0.7,10.0.0.10,0,0.3,1,98,98.0,0.0,0.0,normal
2026-05-17 15:18:39.590,10.0.0.7,10.0.0.18,0,0.9,3,294,98.0,0.0,0.000242,normal
2026-05-17 15:18:39.590,10.0.0.7,10.0.0.19,0,0.9,3,294,98.0,0.0,0.002065,normal
2026-05-17 15:18:39.590,10.0.0.7,10.0.0.20,0,0.9,3,294,98.0,0.0,0.000919,normal
2026-05-17 15:18:39.590,10.0.0.7,10.0.0.17,0,0.9,3,294,98.0,0.0,0.000545,normal
2026-05-17 15:18:39.590,10.0.0.7,10.0.0.6,0,0.3,1,98,98.0,0.0,0.0,normal
2026-05-17 15:18:39.590,10.0.0.7,10.0.0.13,0,0.9,3,294,98.0,0.0,0.000433,normal
2026-05-17 15:18:39.590,10.0.0.7,10.0.0.5,0,0.9,3,294,98.0,0.0,0.006521,normal
2026-05-17 15:18:39.590,10.0.0.7,10.0.0.21,0,0.9,3,294,98.0,0.0,0.0027,normal
2026-05-17 15:18:39.590,10.0.0.7,10.0.0.11,0,0.9,3,294,98.0,0.0,0.000153,normal
2026-05-17 15:18:39.590,10.0.0.7,10.0.0.8,0,0.3,1,98,98.0,0.0,0.0,normal
2026-05-17 15:18:39.590,10.0.0.7,10.0.0.14,0,0.9,3,294,98.0,0.0,0.000347,normal
2026-05-17 15:18:39.590,10.0.0.7,10.0.0.12,0,0.9,3,294,98.0,0.0,0.000138,normal
2026-05-17 15:18:39.590,10.0.0.7,10.0.0.16,0,0.9,3,294,98.0,0.0,9.5e-05,normal
2026-05-17 15:18:39.590,10.0.0.7,10.0.0.22,0,0.9,3,294,98.0,0.0,0.000151,normal
2026-05-17 15:18:39.590,10.0.0.7,10.0.0.9,0,0.3,1,98,98.0,0.0,0.0,normal
2026-05-17 15:18:39.590,10.0.0.7,10.0.0.15,0,0.9,3,294,98.0,0.0,0.001599,normal
2026-05-17 15:18:39.590,10.0.0.7,10.0.0.4,0,0.9,3,294,98.0,0.0,0.001621,normal
2026-05-17 15:18:40.598,10.0.0.7,10.0.0.23,0,0.9,3,294,98.0,0.0,9.5e-05,normal
2026-05-17 15:18:40.598,10.0.0.8,10.0.0.14,0,0.9,3,294,98.0,0.0,0.003915,normal
2026-05-17 15:18:40.598,10.0.0.8,10.0.0.12,0,0.9,3,294,98.0,0.0,6.7e-05,normal
2026-05-17 15:18:40.598,10.0.0.8,10.0.0.16,0,0.9,3,294,98.0,0.0,0.000781,normal
2026-05-17 15:18:40.598,10.0.0.8,10.0.0.9,0,0.3,1,98,98.0,0.0,0.0,normal
2026-05-17 15:18:40.598,10.0.0.8,10.0.0.11,0,0.9,3,294,98.0,0.0,0.001472,normal
2026-05-17 15:18:40.598,10.0.0.8,10.0.0.3,0,0.9,3,294,98.0,0.0,0.002334,normal
2026-05-17 15:18:40.598,10.0.0.8,10.0.0.15,0,0.9,3,294,98.0,0.0,0.000138,normal
2026-05-17 15:18:40.598,10.0.0.8,10.0.0.4,0,0.9,3,294,98.0,0.0,0.003349,normal
2026-05-17 15:18:40.598,10.0.0.7,10.0.0.25,1,0.9,3,294,98.0,0.0,4.2e-05,normal
2026-05-17 15:18:40.598,10.0.0.7,10.0.0.24,0,0.9,3,294,98.0,0.0,0.002269,normal
2026-05-17 15:18:40.598,10.0.0.8,10.0.0.10,0,0.3,1,98,98.0,0.0,0.0,normal
2026-05-17 15:18:40.598,10.0.0.8,10.0.0.7,0,0.3,1,98,98.0,0.0,0.0,normal
2026-05-17 15:18:40.598,10.0.0.8,10.0.0.18,0,0.9,3,294,98.0,0.0,0.001202,normal
2026-05-17 15:18:40.598,10.0.0.8,10.0.0.2,0,0.9,3,294,98.0,0.0,0.000338,normal
2026-05-17 15:18:40.598,10.0.0.8,10.0.0.1,0,0.9,3,294,98.0,0.0,0.004,normal
2026-05-17 15:18:40.598,10.0.0.8,10.0.0.17,0,0.9,3,294,98.0,0.0,0.000552,normal
2026-05-17 15:18:40.598,10.0.0.8,10.0.0.6,0,0.3,1,98,98.0,0.0,0.0,normal
2026-05-17 15:18:40.598,10.0.0.8,10.0.0.13,0,0.9,3,294,98.0,0.0,1e-05,normal
2026-05-17 15:18:40.598,10.0.0.8,10.0.0.5,0,0.9,3,294,98.0,0.0,0.000222,normal
2026-05-17 15:18:41.609,10.0.0.8,10.0.0.21,0,0.9,3,294,98.0,0.0,0.00058,normal
2026-05-17 15:18:41.609,10.0.0.9,10.0.0.3,0,0.9,3,294,98.0,0.0,0.003363,normal
2026-05-17 15:18:41.609,10.0.0.8,10.0.0.22,0,0.9,3,294,98.0,0.0,0.003416,normal
2026-05-17 15:18:41.609,10.0.0.9,10.0.0.2,0,0.9,3,294,98.0,0.0,0.003034,normal
2026-05-17 15:18:41.609,10.0.0.9,10.0.0.4,0,0.9,3,294,98.0,0.0,0.007408,normal
2026-05-17 15:18:41.609,10.0.0.8,10.0.0.24,0,0.9,3,294,98.0,0.0,1.9e-05,normal
2026-05-17 15:18:41.609,10.0.0.9,10.0.0.13,0,0.9,3,294,98.0,0.0,0.002486,normal
2026-05-17 15:18:41.609,10.0.0.9,10.0.0.5,0,0.9,3,294,98.0,0.0,0.001392,normal
2026-05-17 15:18:41.609,10.0.0.9,10.0.0.10,0,0.3,1,98,98.0,0.0,0.0,normal
2026-05-17 15:18:41.609,10.0.0.9,10.0.0.7,0,0.3,1,98,98.0,0.0,0.0,normal
2026-05-17 15:18:41.609,10.0.0.8,10.0.0.25,1,0.9,3,294,98.0,0.0,0.004441,normal
2026-05-17 15:18:41.609,10.0.0.9,10.0.0.1,0,0.9,3,294,98.0,0.0,0.00384,normal
2026-05-17 15:18:41.609,10.0.0.9,10.0.0.12,0,0.9,3,294,98.0,0.0,0.001252,normal
2026-05-17 15:18:41.609,10.0.0.9,10.0.0.6,0,0.3,1,98,98.0,0.0,0.0,normal
2026-05-17 15:18:41.609,10.0.0.8,10.0.0.23,0,0.9,3,294,98.0,0.0,0.001613,normal
2026-05-17 15:18:41.609,10.0.0.8,10.0.0.20,0,0.9,3,294,98.0,0.0,0.000675,normal
2026-05-17 15:18:41.609,10.0.0.9,10.0.0.11,0,0.9,3,294,98.0,0.0,0.000124,normal
2026-05-17 15:18:41.609,10.0.0.8,10.0.0.19,0,0.9,3,294,98.0,0.0,0.002738,normal
2026-05-17 15:18:41.609,10.0.0.9,10.0.0.8,0,0.3,1,98,98.0,0.0,0.0,normal
2026-05-17 15:18:42.617,10.0.0.9,10.0.0.25,1,0.9,3,294,98.0,0.0,0.000875,normal
2026-05-17 15:18:42.617,10.0.0.10,10.0.0.3,0,0.9,3,294,98.0,0.0,0.010643,normal
2026-05-17 15:18:42.617,10.0.0.9,10.0.0.24,0,0.9,3,294,98.0,0.0,0.00176,normal
2026-05-17 15:18:42.617,10.0.0.9,10.0.0.15,0,0.9,3,294,98.0,0.0,0.000786,normal
2026-05-17 15:18:42.617,10.0.0.9,10.0.0.18,0,0.9,3,294,98.0,0.0,0.00138,normal
2026-05-17 15:18:42.617,10.0.0.10,10.0.0.2,0,0.9,3,294,98.0,0.0,0.004751,normal
2026-05-17 15:18:42.617,10.0.0.10,10.0.0.4,0,0.9,3,294,98.0,0.0,0.002108,normal
2026-05-17 15:18:42.617,10.0.0.9,10.0.0.23,0,0.9,3,294,98.0,0.0,0.000528,normal
2026-05-17 15:18:42.617,10.0.0.10,10.0.0.5,0,0.9,3,294,98.0,0.0,0.005142,normal
2026-05-17 15:18:42.617,10.0.0.9,10.0.0.20,0,0.9,3,294,98.0,0.0,0.000323,normal
2026-05-17 15:18:42.617,10.0.0.9,10.0.0.19,0,0.9,3,294,98.0,0.0,0.000762,normal
2026-05-17 15:18:42.617,10.0.0.9,10.0.0.17,0,0.9,3,294,98.0,0.0,0.000737,normal
2026-05-17 15:18:42.617,10.0.0.10,10.0.0.1,0,0.9,3,294,98.0,0.0,0.000683,normal
2026-05-17 15:18:42.617,10.0.0.9,10.0.0.21,0,0.9,3,294,98.0,0.0,0.000178,normal
2026-05-17 15:18:42.617,10.0.0.9,10.0.0.14,0,0.9,3,294,98.0,0.0,0.000483,normal
2026-05-17 15:18:42.617,10.0.0.9,10.0.0.16,0,0.9,3,294,98.0,0.0,0.000438,normal
2026-05-17 15:18:42.617,10.0.0.9,10.0.0.22,0,0.9,3,294,98.0,0.0,0.000357,normal
2026-05-17 15:18:43.631,10.0.0.10,10.0.0.24,0,0.3,1,98,98.0,0.0,0.0,normal
2026-05-17 15:18:43.631,10.0.0.10,10.0.0.15,0,0.9,3,294,98.0,0.0,0.000432,normal
2026-05-17 15:18:43.631,10.0.0.10,10.0.0.18,0,0.9,3,294,98.0,0.0,0.000349,normal
2026-05-17 15:18:43.631,10.0.0.10,10.0.0.13,0,0.9,3,294,98.0,0.0,0.000179,normal
2026-05-17 15:18:43.631,10.0.0.10,10.0.0.23,0,0.9,3,294,98.0,0.0,0.001133,normal
2026-05-17 15:18:43.631,10.0.0.10,10.0.0.7,0,0.3,1,98,98.0,0.0,0.0,normal
2026-05-17 15:18:43.631,10.0.0.10,10.0.0.20,0,0.9,3,294,98.0,0.0,0.002416,normal
2026-05-17 15:18:43.631,10.0.0.10,10.0.0.19,0,0.9,3,294,98.0,0.0,0.000678,normal
2026-05-17 15:18:43.631,10.0.0.10,10.0.0.17,0,0.9,3,294,98.0,0.0,0.000359,normal
2026-05-17 15:18:43.631,10.0.0.10,10.0.0.6,0,0.3,1,98,98.0,0.0,0.0,normal
2026-05-17 15:18:43.631,10.0.0.10,10.0.0.21,0,0.9,3,294,98.0,0.0,0.000119,normal
2026-05-17 15:18:43.631,10.0.0.10,10.0.0.11,0,0.9,3,294,98.0,0.0,0.000436,normal
2026-05-17 15:18:43.631,10.0.0.10,10.0.0.8,0,0.3,1,98,98.0,0.0,0.0,normal
2026-05-17 15:18:43.631,10.0.0.10,10.0.0.14,0,0.9,3,294,98.0,0.0,0.000997,normal
2026-05-17 15:18:43.631,10.0.0.10,10.0.0.12,0,0.9,3,294,98.0,0.0,0.000793,normal
2026-05-17 15:18:43.631,10.0.0.10,10.0.0.16,0,0.9,3,294,98.0,0.0,0.000751,normal
2026-05-17 15:18:43.631,10.0.0.10,10.0.0.22,0,0.9,3,294,98.0,0.0,0.00029,normal
2026-05-17 15:18:43.631,10.0.0.10,10.0.0.9,0,0.3,1,98,98.0,0.0,0.0,normal
2026-05-17 15:18:44.634,10.0.0.11,10.0.0.5,0,0.9,3,294,98.0,0.0,0.00493,normal
2026-05-17 15:18:44.634,10.0.0.11,10.0.0.10,0,0.9,3,294,98.0,0.0,0.002923,normal
2026-05-17 15:18:44.634,10.0.0.10,10.0.0.25,1,0.9,3,294,98.0,0.0,5.7e-05,normal
2026-05-17 15:18:44.634,10.0.0.11,10.0.0.7,0,0.9,3,294,98.0,0.0,0.001195,normal
2026-05-17 15:18:44.634,10.0.0.10,10.0.0.24,0,0.81,2,196,98.0,0.0,0.0,normal
2026-05-17 15:18:44.634,10.0.0.11,10.0.0.20,0,0.6,2,196,98.0,0.0,0.0,normal
2026-05-17 15:18:44.634,10.0.0.11,10.0.0.19,0,0.9,3,294,98.0,0.0,0.001007,normal
2026-05-17 15:18:44.634,10.0.0.11,10.0.0.17,0,0.9,3,294,98.0,0.0,0.00021,normal
2026-05-17 15:18:44.634,10.0.0.11,10.0.0.1,0,0.9,3,294,98.0,0.0,0.003121,normal
2026-05-17 15:18:44.634,10.0.0.11,10.0.0.12,0,0.3,1,98,98.0,0.0,0.0,normal
2026-05-17 15:18:44.634,10.0.0.11,10.0.0.6,0,0.9,3,294,98.0,0.0,0.002315,normal
2026-05-17 15:18:44.634,10.0.0.11,10.0.0.8,0,0.9,3,294,98.0,0.0,0.002244,normal
2026-05-17 15:18:44.634,10.0.0.11,10.0.0.14,0,0.3,1,98,98.0,0.0,0.0,normal
2026-05-17 15:18:44.634,10.0.0.11,10.0.0.16,0,0.9,3,294,98.0,0.0,0.00014,normal
2026-05-17 15:18:44.634,10.0.0.11,10.0.0.9,0,0.9,3,294,98.0,0.0,0.003451,normal
2026-05-17 15:18:44.634,10.0.0.11,10.0.0.3,0,0.9,3,294,98.0,0.0,0.000328,normal
2026-05-17 15:18:44.634,10.0.0.11,10.0.0.15,0,0.3,1,98,98.0,0.0,0.0,normal
2026-05-17 15:18:44.634,10.0.0.11,10.0.0.18,0,0.9,3,294,98.0,0.0,0.000756,normal
2026-05-17 15:18:44.634,10.0.0.11,10.0.0.2,0,0.9,3,294,98.0,0.0,0.003655,normal
2026-05-17 15:18:44.634,10.0.0.11,10.0.0.4,0,0.9,3,294,98.0,0.0,0.001874,normal
2026-05-17 15:18:44.634,10.0.0.11,10.0.0.13,0,0.3,1,98,98.0,0.0,0.0,normal
2026-05-17 15:18:45.639,10.0.0.11,10.0.0.23,0,0.9,3,294,98.0,0.0,0.000593,normal
2026-05-17 15:18:45.639,10.0.0.12,10.0.0.15,0,0.3,1,98,98.0,0.0,0.0,normal
2026-05-17 15:18:45.639,10.0.0.11,10.0.0.20,0,0.72,1,98,98.0,0.0,0.0,normal
2026-05-17 15:18:45.639,10.0.0.12,10.0.0.4,0,0.9,3,294,98.0,0.0,0.00109,normal
2026-05-17 15:18:45.639,10.0.0.12,10.0.0.10,0,0.9,3,294,98.0,0.0,0.001148,normal
2026-05-17 15:18:45.639,10.0.0.11,10.0.0.21,0,0.9,3,294,98.0,0.0,0.01823,normal
2026-05-17 15:18:45.639,10.0.0.12,10.0.0.7,0,0.9,3,294,98.0,0.0,0.001052,normal
2026-05-17 15:18:45.639,10.0.0.12,10.0.0.2,0,0.9,3,294,98.0,0.0,0.003216,normal
2026-05-17 15:18:45.639,10.0.0.12,10.0.0.1,0,0.9,3,294,98.0,0.0,0.000478,normal
2026-05-17 15:18:45.639,10.0.0.12,10.0.0.6,0,0.9,3,294,98.0,0.0,0.000753,normal
2026-05-17 15:18:45.639,10.0.0.11,10.0.0.22,0,0.9,3,294,98.0,0.0,0.000192,normal
2026-05-17 15:18:45.639,10.0.0.12,10.0.0.13,0,0.3,1,98,98.0,0.0,0.0,normal
2026-05-17 15:18:45.639,10.0.0.12,10.0.0.5,0,0.9,3,294,98.0,0.0,0.004591,normal
2026-05-17 15:18:45.639,10.0.0.11,10.0.0.25,1,0.9,3,294,98.0,0.0,0.000291,normal
2026-05-17 15:18:45.639,10.0.0.12,10.0.0.11,0,0.3,1,98,98.0,0.0,0.0,normal
2026-05-17 15:18:45.639,10.0.0.11,10.0.0.24,0,0.9,3,294,98.0,0.0,0.001039,normal
2026-05-17 15:18:45.639,10.0.0.12,10.0.0.8,0,0.9,3,294,98.0,0.0,0.003393,normal
2026-05-17 15:18:45.639,10.0.0.12,10.0.0.14,0,0.3,1,98,98.0,0.0,0.0,normal
2026-05-17 15:18:45.639,10.0.0.12,10.0.0.16,0,0.9,3,294,98.0,0.0,0.000746,normal
2026-05-17 15:18:45.639,10.0.0.12,10.0.0.9,0,0.9,3,294,98.0,0.0,0.002493,normal
2026-05-17 15:18:45.639,10.0.0.12,10.0.0.3,0,0.9,3,294,98.0,0.0,6e-05,normal
2026-05-17 15:18:46.650,10.0.0.13,10.0.0.3,0,0.9,3,294,98.0,0.0,0.005265,normal
2026-05-17 15:18:46.650,10.0.0.12,10.0.0.23,0,0.9,3,294,98.0,0.0,0.000126,normal
2026-05-17 15:18:46.650,10.0.0.13,10.0.0.4,0,0.9,3,294,98.0,0.0,0.004037,normal
2026-05-17 15:18:46.650,10.0.0.12,10.0.0.18,0,0.9,3,294,98.0,0.0,0.000647,normal
2026-05-17 15:18:46.650,10.0.0.12,10.0.0.20,0,0.9,3,294,98.0,0.0,0.000369,normal
2026-05-17 15:18:46.650,10.0.0.12,10.0.0.19,0,0.9,3,294,98.0,0.0,0.001584,normal
2026-05-17 15:18:46.650,10.0.0.12,10.0.0.17,0,0.9,3,294,98.0,0.0,0.002558,normal
2026-05-17 15:18:46.650,10.0.0.13,10.0.0.7,0,0.9,3,294,98.0,0.0,0.005646,normal
2026-05-17 15:18:46.650,10.0.0.13,10.0.0.2,0,0.9,3,294,98.0,0.0,0.007136,normal
2026-05-17 15:18:46.650,10.0.0.13,10.0.0.1,0,0.9,3,294,98.0,0.0,0.002902,normal
2026-05-17 15:18:46.650,10.0.0.12,10.0.0.21,0,0.9,3,294,98.0,0.0,0.004438,normal
2026-05-17 15:18:46.650,10.0.0.13,10.0.0.6,0,0.9,3,294,98.0,0.0,0.001988,normal
2026-05-17 15:18:46.650,10.0.0.13,10.0.0.5,0,0.9,3,294,98.0,0.0,0.004394,normal
2026-05-17 15:18:46.650,10.0.0.12,10.0.0.22,0,0.9,3,294,98.0,0.0,0.000273,normal
2026-05-17 15:18:46.650,10.0.0.13,10.0.0.8,0,0.9,3,294,98.0,0.0,0.009841,normal
2026-05-17 15:18:46.650,10.0.0.12,10.0.0.25,1,0.9,3,294,98.0,0.0,0.000922,normal
2026-05-17 15:18:46.650,10.0.0.13,10.0.0.9,0,0.9,3,294,98.0,0.0,0.001027,normal
2026-05-17 15:18:46.650,10.0.0.12,10.0.0.24,0,0.9,3,294,98.0,0.0,0.000285,normal
2026-05-17 15:18:47.656,10.0.0.14,10.0.0.3,0,0.9,3,294,98.0,0.0,0.00282,normal
2026-05-17 15:18:47.656,10.0.0.13,10.0.0.25,1,0.9,3,294,98.0,0.0,0.001842,normal
2026-05-17 15:18:47.656,10.0.0.13,10.0.0.15,0,0.3,1,98,98.0,0.0,0.0,normal
2026-05-17 15:18:47.656,10.0.0.13,10.0.0.20,0,0.9,3,294,98.0,0.0,0.001244,normal
2026-05-17 15:18:47.656,10.0.0.14,10.0.0.5,0,0.9,3,294,98.0,0.0,0.001226,normal
2026-05-17 15:18:47.656,10.0.0.14,10.0.0.2,0,0.9,3,294,98.0,0.0,0.000576,normal
2026-05-17 15:18:47.656,10.0.0.13,10.0.0.19,0,0.9,3,294,98.0,0.0,0.003228,normal
2026-05-17 15:18:47.656,10.0.0.13,10.0.0.16,0,0.9,3,294,98.0,0.0,0.000319,normal
2026-05-17 15:18:47.656,10.0.0.14,10.0.0.4,0,0.9,3,294,98.0,0.0,0.002147,normal
2026-05-17 15:18:47.656,10.0.0.13,10.0.0.23,0,0.9,3,294,98.0,0.0,0.000684,normal
2026-05-17 15:18:47.656,10.0.0.13,10.0.0.10,0,0.9,3,294,98.0,0.0,0.001371,normal
2026-05-17 15:18:47.656,10.0.0.14,10.0.0.1,0,0.9,3,294,98.0,0.0,0.001706,normal
2026-05-17 15:18:47.656,10.0.0.13,10.0.0.17,0,0.9,3,294,98.0,0.0,0.000252,normal
2026-05-17 15:18:47.656,10.0.0.13,10.0.0.21,0,0.9,3,294,98.0,0.0,0.001382,normal
2026-05-17 15:18:47.656,10.0.0.13,10.0.0.11,0,0.3,1,98,98.0,0.0,0.0,normal
2026-05-17 15:18:47.656,10.0.0.13,10.0.0.14,0,0.3,1,98,98.0,0.0,0.0,normal
2026-05-17 15:18:47.656,10.0.0.13,10.0.0.12,0,0.3,1,98,98.0,0.0,0.0,normal
2026-05-17 15:18:47.656,10.0.0.13,10.0.0.22,0,0.9,3,294,98.0,0.0,0.000493,normal
2026-05-17 15:18:47.656,10.0.0.13,10.0.0.24,0,0.9,3,294,98.0,0.0,0.000879,normal
2026-05-17 15:18:47.656,10.0.0.13,10.0.0.18,0,0.9,3,294,98.0,0.0,0.000503,normal
2026-05-17 15:18:48.664,10.0.0.15,10.0.0.1,0,0.9,3,294,98.0,0.0,0.002467,normal
2026-05-17 15:18:48.664,10.0.0.14,10.0.0.19,0,0.9,3,294,98.0,0.0,0.001049,normal
2026-05-17 15:18:48.664,10.0.0.14,10.0.0.8,0,0.9,3,294,98.0,0.0,0.006909,normal
2026-05-17 15:18:48.664,10.0.0.14,10.0.0.16,0,0.9,3,294,98.0,0.0,0.000198,normal
2026-05-17 15:18:48.664,10.0.0.14,10.0.0.23,0,0.9,3,294,98.0,0.0,0.002409,normal
2026-05-17 15:18:48.664,10.0.0.14,10.0.0.10,0,0.9,3,294,98.0,0.0,0.001475,normal
2026-05-17 15:18:48.664,10.0.0.14,10.0.0.7,0,0.9,3,294,98.0,0.0,0.002068,normal
2026-05-17 15:18:48.664,10.0.0.14,10.0.0.17,0,0.9,3,294,98.0,0.0,0.000633,normal
2026-05-17 15:18:48.664,10.0.0.14,10.0.0.21,0,0.9,3,294,98.0,0.0,0.003401,normal
2026-05-17 15:18:48.664,10.0.0.14,10.0.0.11,0,0.3,1,98,98.0,0.0,0.0,normal
2026-05-17 15:18:48.664,10.0.0.14,10.0.0.12,0,0.3,1,98,98.0,0.0,0.0,normal
2026-05-17 15:18:48.664,10.0.0.14,10.0.0.22,0,0.9,3,294,98.0,0.0,0.00099,normal
2026-05-17 15:18:48.664,10.0.0.14,10.0.0.9,0,0.9,3,294,98.0,0.0,0.00021,normal
2026-05-17 15:18:48.664,10.0.0.14,10.0.0.24,0,0.9,3,294,98.0,0.0,0.000178,normal
2026-05-17 15:18:48.664,10.0.0.14,10.0.0.18,0,0.9,3,294,98.0,0.0,3e-06,normal
2026-05-17 15:18:48.664,10.0.0.14,10.0.0.13,0,0.3,1,98,98.0,0.0,0.0,normal
2026-05-17 15:18:48.664,10.0.0.14,10.0.0.25,1,0.9,3,294,98.0,0.0,0.000348,normal
2026-05-17 15:18:48.664,10.0.0.14,10.0.0.15,0,0.3,1,98,98.0,0.0,0.0,normal
2026-05-17 15:18:48.664,10.0.0.14,10.0.0.20,0,0.9,3,294,98.0,0.0,0.000412,normal
2026-05-17 15:18:48.664,10.0.0.14,10.0.0.6,0,0.9,3,294,98.0,0.0,0.000518,normal
2026-05-17 15:18:49.669,10.0.0.15,10.0.0.20,0,0.9,3,294,98.0,0.0,0.000949,normal
2026-05-17 15:18:49.669,10.0.0.15,10.0.0.6,0,0.9,3,294,98.0,0.0,0.00191,normal
2026-05-17 15:18:49.669,10.0.0.15,10.0.0.3,0,0.9,3,294,98.0,0.0,0.005108,normal
2026-05-17 15:18:49.669,10.0.0.15,10.0.0.2,0,0.9,3,294,98.0,0.0,0.007705,normal
2026-05-17 15:18:49.669,10.0.0.15,10.0.0.19,0,0.9,3,294,98.0,0.0,0.001204,normal
2026-05-17 15:18:49.669,10.0.0.15,10.0.0.5,0,0.9,3,294,98.0,0.0,3.6e-05,normal
2026-05-17 15:18:49.669,10.0.0.15,10.0.0.8,0,0.9,3,294,98.0,0.0,0.004462,normal
2026-05-17 15:18:49.669,10.0.0.15,10.0.0.16,0,0.9,3,294,98.0,0.0,0.000154,normal
2026-05-17 15:18:49.669,10.0.0.15,10.0.0.18,0,0.9,3,294,98.0,0.0,0.001679,normal
2026-05-17 15:18:49.669,10.0.0.15,10.0.0.13,0,0.3,1,98,98.0,0.0,0.0,normal
2026-05-17 15:18:49.669,10.0.0.15,10.0.0.23,0,0.3,1,98,98.0,0.0,0.0,normal
2026-05-17 15:18:49.669,10.0.0.15,10.0.0.10,0,0.9,3,294,98.0,0.0,0.00131,normal
2026-05-17 15:18:49.669,10.0.0.15,10.0.0.7,0,0.9,3,294,98.0,0.0,0.000646,normal
2026-05-17 15:18:49.669,10.0.0.15,10.0.0.17,0,0.9,3,294,98.0,0.0,0.000384,normal
2026-05-17 15:18:49.669,10.0.0.15,10.0.0.21,0,0.9,3,294,98.0,0.0,0.000737,normal
2026-05-17 15:18:49.669,10.0.0.15,10.0.0.11,0,0.3,1,98,98.0,0.0,0.0,normal
2026-05-17 15:18:49.669,10.0.0.15,10.0.0.14,0,0.3,1,98,98.0,0.0,0.0,normal
2026-05-17 15:18:49.669,10.0.0.15,10.0.0.12,0,0.3,1,98,98.0,0.0,0.0,normal
2026-05-17 15:18:49.669,10.0.0.15,10.0.0.22,0,0.9,3,294,98.0,0.0,0.002485,normal
2026-05-17 15:18:49.669,10.0.0.15,10.0.0.9,0,0.9,3,294,98.0,0.0,0.00597,normal
2026-05-17 15:18:49.669,10.0.0.15,10.0.0.4,0,0.9,3,294,98.0,0.0,0.002855,normal
2026-05-17 15:18:50.682,10.0.0.16,10.0.0.10,0,0.9,3,294,98.0,0.0,0.008559,normal
2026-05-17 15:18:50.682,10.0.0.16,10.0.0.7,0,0.9,3,294,98.0,0.0,0.002488,normal
2026-05-17 15:18:50.682,10.0.0.16,10.0.0.2,0,0.9,3,294,98.0,0.0,0.002208,normal
2026-05-17 15:18:50.682,10.0.0.16,10.0.0.17,0,0.3,1,98,98.0,0.0,0.0,normal
2026-05-17 15:18:50.682,10.0.0.15,10.0.0.25,1,0.9,3,294,98.0,0.0,0.00026,normal
2026-05-17 15:18:50.682,10.0.0.16,10.0.0.21,0,0.9,3,294,98.0,0.0,0.0009,normal
2026-05-17 15:18:50.682,10.0.0.16,10.0.0.11,0,0.9,3,294,98.0,0.0,0.004815,normal
2026-05-17 15:18:50.682,10.0.0.16,10.0.0.14,0,0.9,3,294,98.0,0.0,0.006824,normal
2026-05-17 15:18:50.682,10.0.0.16,10.0.0.12,0,0.9,3,294,98.0,0.0,0.002,normal
2026-05-17 15:18:50.682,10.0.0.16,10.0.0.9,0,0.9,3,294,98.0,0.0,0.003044,normal
2026-05-17 15:18:50.682,10.0.0.16,10.0.0.4,0,0.9,3,294,98.0,0.0,0.004814,normal
2026-05-17 15:18:50.682,10.0.0.16,10.0.0.18,0,0.3,1,98,98.0,0.0,0.0,normal
2026-05-17 15:18:50.682,10.0.0.16,10.0.0.1,0,0.9,3,294,98.0,0.0,0.001114,normal
2026-05-17 15:18:50.682,10.0.0.16,10.0.0.13,0,0.9,3,294,98.0,0.0,0.002902,normal
2026-05-17 15:18:50.682,10.0.0.16,10.0.0.15,0,0.9,3,294,98.0,0.0,0.002722,normal
2026-05-17 15:18:50.682,10.0.0.16,10.0.0.20,0,0.3,1,98,98.0,0.0,0.0,normal
2026-05-17 15:18:50.682,10.0.0.16,10.0.0.6,0,0.9,3,294,98.0,0.0,0.008504,normal
2026-05-17 15:18:50.682,10.0.0.16,10.0.0.3,0,0.9,3,294,98.0,0.0,0.00485,normal
2026-05-17 15:18:50.682,10.0.0.15,10.0.0.23,0,0.51,1,98,98.0,0.0,0.0,normal
2026-05-17 15:18:50.682,10.0.0.16,10.0.0.19,0,0.3,1,98,98.0,0.0,0.0,normal
2026-05-17 15:18:50.682,10.0.0.16,10.0.0.5,0,0.9,3,294,98.0,0.0,0.000932,normal
2026-05-17 15:18:50.682,10.0.0.15,10.0.0.24,0,0.9,3,294,98.0,0.0,0.000231,normal
2026-05-17 15:18:50.682,10.0.0.16,10.0.0.8,0,0.9,3,294,98.0,0.0,0.001939,normal
2026-05-17 15:18:51.698,10.0.0.17,10.0.0.6,0,0.9,3,294,98.0,0.0,0.004043,normal
2026-05-17 15:18:51.698,10.0.0.16,10.0.0.23,0,0.9,3,294,98.0,0.0,0.000675,normal
2026-05-17 15:18:51.698,10.0.0.17,10.0.0.3,0,0.9,3,294,98.0,0.0,0.000661,normal
2026-05-17 15:18:51.698,10.0.0.16,10.0.0.22,0,0.9,3,294,98.0,0.0,0.001181,normal
2026-05-17 15:18:51.698,10.0.0.16,10.0.0.24,0,0.9,3,294,98.0,0.0,0.001067,normal
2026-05-17 15:18:51.698,10.0.0.17,10.0.0.5,0,0.9,3,294,98.0,0.0,0.001612,normal
2026-05-17 15:18:51.698,10.0.0.17,10.0.0.8,0,0.9,3,294,98.0,0.0,0.000754,normal
2026-05-17 15:18:51.698,10.0.0.17,10.0.0.16,0,0.3,1,98,98.0,0.0,0.0,normal
2026-05-17 15:18:51.698,10.0.0.17,10.0.0.18,0,0.3,1,98,98.0,0.0,0.0,normal
2026-05-17 15:18:51.698,10.0.0.16,10.0.0.25,1,0.9,3,294,98.0,0.0,0.001026,normal
2026-05-17 15:18:51.698,10.0.0.17,10.0.0.10,0,0.9,3,294,98.0,0.0,0.00394,normal
2026-05-17 15:18:51.698,10.0.0.17,10.0.0.7,0,0.9,3,294,98.0,0.0,0.004391,normal
2026-05-17 15:18:51.698,10.0.0.17,10.0.0.2,0,0.9,3,294,98.0,0.0,0.005346,normal
2026-05-17 15:18:51.698,10.0.0.17,10.0.0.11,0,0.9,3,294,98.0,0.0,0.001426,normal
2026-05-17 15:18:51.698,10.0.0.17,10.0.0.14,0,0.9,3,294,98.0,0.0,0.00031,normal
2026-05-17 15:18:51.698,10.0.0.17,10.0.0.12,0,0.9,3,294,98.0,0.0,0.00641,normal
2026-05-17 15:18:51.698,10.0.0.17,10.0.0.9,0,0.9,3,294,98.0,0.0,0.0037,normal
2026-05-17 15:18:51.698,10.0.0.17,10.0.0.4,0,0.9,3,294,98.0,0.0,0.006486,normal
2026-05-17 15:18:51.698,10.0.0.17,10.0.0.1,0,0.9,3,294,98.0,0.0,0.001145,normal
2026-05-17 15:18:51.698,10.0.0.17,10.0.0.13,0,0.9,3,294,98.0,0.0,0.002201,normal
2026-05-17 15:18:51.698,10.0.0.17,10.0.0.15,0,0.9,3,294,98.0,0.0,0.006521,normal
2026-05-17 15:18:52.708,10.0.0.18,10.0.0.15,0,0.9,3,294,98.0,0.0,0.002745,normal
2026-05-17 15:18:52.708,10.0.0.17,10.0.0.20,0,0.3,1,98,98.0,0.0,0.0,normal
2026-05-17 15:18:52.708,10.0.0.18,10.0.0.6,0,0.9,3,294,98.0,0.0,0.001163,normal
2026-05-17 15:18:52.708,10.0.0.18,10.0.0.3,0,0.9,3,294,98.0,0.0,0.00484,normal
2026-05-17 15:18:52.708,10.0.0.17,10.0.0.19,0,0.3,1,98,98.0,0.0,0.0,normal
2026-05-17 15:18:52.708,10.0.0.18,10.0.0.2,0,0.9,3,294,98.0,0.0,0.001642,normal
2026-05-17 15:18:52.708,10.0.0.18,10.0.0.5,0,0.9,3,294,98.0,0.0,0.000534,normal
2026-05-17 15:18:52.708,10.0.0.18,10.0.0.8,0,0.9,3,294,98.0,0.0,0.001807,normal
2026-05-17 15:18:52.708,10.0.0.17,10.0.0.23,0,0.9,3,294,98.0,0.0,0.001189,normal
2026-05-17 15:18:52.708,10.0.0.18,10.0.0.13,0,0.9,3,294,98.0,0.0,0.000795,normal
2026-05-17 15:18:52.708,10.0.0.18,10.0.0.10,0,0.9,3,294,98.0,0.0,0.001833,normal
2026-05-17 15:18:52.708,10.0.0.18,10.0.0.7,0,0.9,3,294,98.0,0.0,0.004917,normal
2026-05-17 15:18:52.708,10.0.0.17,10.0.0.21,0,0.9,3,294,98.0,0.0,0.000825,normal
2026-05-17 15:18:52.708,10.0.0.17,10.0.0.22,0,0.9,3,294,98.0,0.0,0.000913,normal
2026-05-17 15:18:52.708,10.0.0.18,10.0.0.11,0,0.9,3,294,98.0,0.0,0.003478,normal
2026-05-17 15:18:52.708,10.0.0.18,10.0.0.14,0,0.9,3,294,98.0,0.0,0.002804,normal
2026-05-17 15:18:52.708,10.0.0.17,10.0.0.24,0,0.9,3,294,98.0,0.0,0.000525,normal
2026-05-17 15:18:52.708,10.0.0.18,10.0.0.12,0,0.9,3,294,98.0,0.0,0.002001,normal
2026-05-17 15:18:52.708,10.0.0.18,10.0.0.9,0,0.9,3,294,98.0,0.0,0.000909,normal
2026-05-17 15:18:52.708,10.0.0.18,10.0.0.4,0,0.9,3,294,98.0,0.0,0.000783,normal
2026-05-17 15:18:52.708,10.0.0.18,10.0.0.1,0,0.9,3,294,98.0,0.0,0.004295,normal
2026-05-17 15:18:52.708,10.0.0.17,10.0.0.25,1,0.9,3,294,98.0,0.0,0.00091,normal
2026-05-17 15:18:53.728,10.0.0.19,10.0.0.10,0,0.9,3,294,98.0,0.0,0.003943,normal
2026-05-17 15:18:53.728,10.0.0.18,10.0.0.25,1,0.9,3,294,98.0,0.0,0.000598,normal
2026-05-17 15:18:53.728,10.0.0.19,10.0.0.7,0,0.9,3,294,98.0,0.0,0.013297,normal
2026-05-17 15:18:53.728,10.0.0.19,10.0.0.11,0,0.9,3,294,98.0,0.0,0.001235,normal
2026-05-17 15:18:53.728,10.0.0.19,10.0.0.12,0,0.9,3,294,98.0,0.0,0.005373,normal
2026-05-17 15:18:53.728,10.0.0.19,10.0.0.9,0,0.9,3,294,98.0,0.0,0.00341,normal
2026-05-17 15:18:53.728,10.0.0.18,10.0.0.20,0,0.3,1,98,98.0,0.0,0.0,normal
2026-05-17 15:18:53.728,10.0.0.19,10.0.0.4,0,0.9,3,294,98.0,0.0,0.002043,normal
2026-05-17 15:18:53.728,10.0.0.19,10.0.0.1,0,0.9,3,294,98.0,0.0,0.007163,normal
2026-05-17 15:18:53.728,10.0.0.18,10.0.0.19,0,0.3,1,98,98.0,0.0,0.0,normal
2026-05-17 15:18:53.728,10.0.0.18,10.0.0.16,0,0.3,1,98,98.0,0.0,0.0,normal
2026-05-17 15:18:53.728,10.0.0.19,10.0.0.6,0,0.9,3,294,98.0,0.0,0.00264,normal
2026-05-17 15:18:53.728,10.0.0.18,10.0.0.23,0,0.9,3,294,98.0,0.0,0.000451,normal
2026-05-17 15:18:53.728,10.0.0.18,10.0.0.17,0,0.3,1,98,98.0,0.0,0.0,normal
2026-05-17 15:18:53.728,10.0.0.19,10.0.0.3,0,0.9,3,294,98.0,0.0,0.000981,normal
2026-05-17 15:18:53.728,10.0.0.18,10.0.0.21,0,0.9,3,294,98.0,0.0,0.004402,normal
2026-05-17 15:18:53.728,10.0.0.19,10.0.0.2,0,0.9,3,294,98.0,0.0,0.000527,normal
2026-05-17 15:18:53.728,10.0.0.18,10.0.0.22,0,0.9,3,294,98.0,0.0,0.000218,normal
2026-05-17 15:18:53.728,10.0.0.18,10.0.0.24,0,0.9,3,294,98.0,0.0,0.00038,normal
2026-05-17 15:18:53.728,10.0.0.19,10.0.0.5,0,0.9,3,294,98.0,0.0,0.000124,normal
2026-05-17 15:18:53.728,10.0.0.19,10.0.0.8,0,0.9,3,294,98.0,0.0,0.006305,normal
2026-05-17 15:18:54.737,10.0.0.19,10.0.0.23,0,0.9,3,294,98.0,0.0,0.000295,normal
2026-05-17 15:18:54.737,10.0.0.20,10.0.0.3,0,0.9,3,294,98.0,0.0,0.001984,normal
2026-05-17 15:18:54.737,10.0.0.19,10.0.0.17,0,0.3,1,98,98.0,0.0,0.0,normal
2026-05-17 15:18:54.737,10.0.0.20,10.0.0.10,0,0.9,3,294,98.0,0.0,0.001742,normal
2026-05-17 15:18:54.737,10.0.0.20,10.0.0.7,0,0.9,3,294,98.0,0.0,0.002037,normal
2026-05-17 15:18:54.737,10.0.0.20,10.0.0.2,0,0.9,3,294,98.0,0.0,0.000741,normal
2026-05-17 15:18:54.737,10.0.0.19,10.0.0.21,0,0.9,3,294,98.0,0.0,0.000796,normal
2026-05-17 15:18:54.737,10.0.0.19,10.0.0.14,0,0.9,3,294,98.0,0.0,0.000461,normal
2026-05-17 15:18:54.737,10.0.0.19,10.0.0.22,0,0.9,3,294,98.0,0.0,0.002479,normal
2026-05-17 15:18:54.737,10.0.0.19,10.0.0.24,0,0.9,3,294,98.0,0.0,0.001568,normal
2026-05-17 15:18:54.737,10.0.0.19,10.0.0.13,0,0.9,3,294,98.0,0.0,0.002356,normal
2026-05-17 15:18:54.737,10.0.0.19,10.0.0.25,1,0.9,3,294,98.0,0.0,0.00025,normal
2026-05-17 15:18:54.737,10.0.0.20,10.0.0.11,0,0.9,3,294,98.0,0.0,0.006291,normal
2026-05-17 15:18:54.737,10.0.0.19,10.0.0.15,0,0.9,3,294,98.0,0.0,0.001454,normal
2026-05-17 15:18:54.737,10.0.0.20,10.0.0.9,0,0.9,3,294,98.0,0.0,0.005815,normal
2026-05-17 15:18:54.737,10.0.0.19,10.0.0.20,0,0.3,1,98,98.0,0.0,0.0,normal
2026-05-17 15:18:54.737,10.0.0.20,10.0.0.4,0,0.9,3,294,98.0,0.0,0.001008,normal
2026-05-17 15:18:54.737,10.0.0.20,10.0.0.6,0,0.9,3,294,98.0,0.0,0.000371,normal
2026-05-17 15:18:54.737,10.0.0.20,10.0.0.1,0,0.9,3,294,98.0,0.0,0.005751,normal
2026-05-17 15:18:54.737,10.0.0.19,10.0.0.16,0,0.3,1,98,98.0,0.0,0.0,normal
2026-05-17 15:18:54.737,10.0.0.20,10.0.0.5,0,0.9,3,294,98.0,0.0,0.002239,normal
2026-05-17 15:18:54.737,10.0.0.20,10.0.0.8,0,0.9,3,294,98.0,0.0,0.002511,normal
2026-05-17 15:18:54.737,10.0.0.19,10.0.0.18,0,0.3,1,98,98.0,0.0,0.0,normal
2026-05-17 15:18:55.748,10.0.0.20,10.0.0.23,0,0.9,3,294,98.0,0.0,0.000168,normal
2026-05-17 15:18:55.748,10.0.0.20,10.0.0.17,0,0.3,1,98,98.0,0.0,0.0,normal
2026-05-17 15:18:55.748,10.0.0.21,10.0.0.7,0,0.9,3,294,98.0,0.0,0.000456,normal
2026-05-17 15:18:55.748,10.0.0.20,10.0.0.21,0,0.9,3,294,98.0,0.0,0.001364,normal
2026-05-17 15:18:55.748,10.0.0.20,10.0.0.14,0,0.9,3,294,98.0,0.0,0.000702,normal
2026-05-17 15:18:55.748,10.0.0.20,10.0.0.12,0,0.9,3,294,98.0,0.0,0.000812,normal
2026-05-17 15:18:55.748,10.0.0.20,10.0.0.22,0,0.9,3,294,98.0,0.0,0.000201,normal
2026-05-17 15:18:55.748,10.0.0.21,10.0.0.9,0,0.9,3,294,98.0,0.0,0.006097,normal
2026-05-17 15:18:55.748,10.0.0.20,10.0.0.24,0,0.9,3,294,98.0,0.0,0.000276,normal
2026-05-17 15:18:55.748,10.0.0.21,10.0.0.4,0,0.9,3,294,98.0,0.0,0.001411,normal
2026-05-17 15:18:55.748,10.0.0.20,10.0.0.18,0,0.3,1,98,98.0,0.0,0.0,normal
2026-05-17 15:18:55.748,10.0.0.20,10.0.0.13,0,0.9,3,294,98.0,0.0,0.00242,normal
2026-05-17 15:18:55.748,10.0.0.21,10.0.0.1,0,0.9,3,294,98.0,0.0,6.9e-05,normal
2026-05-17 15:18:55.748,10.0.0.21,10.0.0.5,0,0.9,3,294,98.0,0.0,7.5e-05,normal
2026-05-17 15:18:55.748,10.0.0.21,10.0.0.6,0,0.9,3,294,98.0,0.0,5.3e-05,normal
2026-05-17 15:18:55.748,10.0.0.21,10.0.0.3,0,0.9,3,294,98.0,0.0,0.001433,normal
2026-05-17 15:18:55.748,10.0.0.20,10.0.0.25,1,0.9,3,294,98.0,0.0,0.001553,normal
2026-05-17 15:18:55.748,10.0.0.21,10.0.0.2,0,0.9,3,294,98.0,0.0,0.005423,normal
2026-05-17 15:18:55.748,10.0.0.20,10.0.0.15,0,0.9,3,294,98.0,0.0,0.002241,normal
2026-05-17 15:18:55.748,10.0.0.20,10.0.0.19,0,0.3,1,98,98.0,0.0,0.0,normal
2026-05-17 15:18:55.748,10.0.0.20,10.0.0.16,0,0.3,1,98,98.0,0.0,0.0,normal
2026-05-17 15:18:55.748,10.0.0.21,10.0.0.8,0,0.9,3,294,98.0,0.0,0.003772,normal
2026-05-17 15:18:56.760,10.0.0.22,10.0.0.8,0,0.9,3,294,98.0,0.0,0.000598,normal
2026-05-17 15:18:56.760,10.0.0.21,10.0.0.18,0,0.9,3,294,98.0,0.0,0.002295,normal
2026-05-17 15:18:56.760,10.0.0.21,10.0.0.13,0,0.9,3,294,98.0,0.0,0.000819,normal
2026-05-17 15:18:56.760,10.0.0.21,10.0.0.10,0,0.9,3,294,98.0,0.0,0.00157,normal
2026-05-17 15:18:56.760,10.0.0.21,10.0.0.11,0,0.9,3,294,98.0,0.0,0.003978,normal
2026-05-17 15:18:56.760,10.0.0.21,10.0.0.14,0,0.9,3,294,98.0,0.0,0.001353,normal
2026-05-17 15:18:56.760,10.0.0.22,10.0.0.7,0,0.9,3,294,98.0,0.0,0.001914,normal
2026-05-17 15:18:56.760,10.0.0.21,10.0.0.22,0,0.3,1,98,98.0,0.0,0.0,normal
2026-05-17 15:18:56.760,10.0.0.22,10.0.0.2,0,0.9,3,294,98.0,0.0,0.003212,normal
2026-05-17 15:18:56.760,10.0.0.22,10.0.0.9,0,0.9,3,294,98.0,0.0,0.004903,normal
2026-05-17 15:18:56.760,10.0.0.22,10.0.0.4,0,0.9,3,294,98.0,0.0,0.001031,normal
2026-05-17 15:18:56.760,10.0.0.22,10.0.0.1,0,0.9,3,294,98.0,0.0,0.006634,normal
2026-05-17 15:18:56.760,10.0.0.21,10.0.0.25,1,0.3,1,98,98.0,0.0,0.0,normal
2026-05-17 15:18:56.760,10.0.0.21,10.0.0.15,0,0.9,3,294,98.0,0.0,0.001976,normal
2026-05-17 15:18:56.760,10.0.0.21,10.0.0.20,0,0.9,3,294,98.0,0.0,0.000655,normal
2026-05-17 15:18:56.760,10.0.0.21,10.0.0.16,0,0.9,3,294,98.0,0.0,0.00135,normal
2026-05-17 15:18:56.760,10.0.0.22,10.0.0.6,0,0.9,3,294,98.0,0.0,0.002088,normal
2026-05-17 15:18:56.760,10.0.0.21,10.0.0.23,0,0.3,1,98,98.0,0.0,0.0,normal
2026-05-17 15:18:56.760,10.0.0.21,10.0.0.17,0,0.9,3,294,98.0,0.0,0.003738,normal
2026-05-17 15:18:56.760,10.0.0.22,10.0.0.3,0,0.9,3,294,98.0,0.0,0.002428,normal
2026-05-17 15:18:56.760,10.0.0.21,10.0.0.19,0,0.9,3,294,98.0,0.0,0.002397,normal
2026-05-17 15:18:56.760,10.0.0.21,10.0.0.12,0,0.9,3,294,98.0,0.0,0.001381,normal
2026-05-17 15:18:56.760,10.0.0.21,10.0.0.24,0,0.3,1,98,98.0,0.0,0.0,normal
2026-05-17 15:18:56.760,10.0.0.22,10.0.0.5,0,0.9,3,294,98.0,0.0,0.005309,normal
2026-05-17 15:18:57.771,10.0.0.22,10.0.0.16,0,0.9,3,294,98.0,0.0,0.004039,normal
2026-05-17 15:18:57.771,10.0.0.22,10.0.0.23,0,0.3,1,98,98.0,0.0,0.0,normal
2026-05-17 15:18:57.771,10.0.0.22,10.0.0.10,0,0.9,3,294,98.0,0.0,0.000613,normal
2026-05-17 15:18:57.771,10.0.0.22,10.0.0.17,0,0.9,3,294,98.0,0.0,0.001793,normal
2026-05-17 15:18:57.771,10.0.0.22,10.0.0.21,0,0.3,1,98,98.0,0.0,0.0,normal
2026-05-17 15:18:57.771,10.0.0.22,10.0.0.11,0,0.9,3,294,98.0,0.0,0.002885,normal
2026-05-17 15:18:57.771,10.0.0.22,10.0.0.14,0,0.9,3,294,98.0,0.0,0.004321,normal
2026-05-17 15:18:57.771,10.0.0.23,10.0.0.6,0,0.9,3,294,98.0,0.0,0.002843,normal
2026-05-17 15:18:57.771,10.0.0.22,10.0.0.12,0,0.9,3,294,98.0,0.0,4.3e-05,normal
2026-05-17 15:18:57.771,10.0.0.23,10.0.0.1,0,0.9,3,294,98.0,0.0,0.00032,normal
2026-05-17 15:18:57.771,10.0.0.22,10.0.0.24,0,0.3,1,98,98.0,0.0,0.0,normal
2026-05-17 15:18:57.771,10.0.0.23,10.0.0.3,0,0.9,3,294,98.0,0.0,0.000678,normal
2026-05-17 15:18:57.771,10.0.0.22,10.0.0.18,0,0.9,3,294,98.0,0.0,0.002206,normal
2026-05-17 15:18:57.771,10.0.0.22,10.0.0.13,0,0.9,3,294,98.0,0.0,0.000165,normal
2026-05-17 15:18:57.771,10.0.0.23,10.0.0.5,0,0.9,3,294,98.0,0.0,0.004684,normal
2026-05-17 15:18:57.771,10.0.0.23,10.0.0.8,0,0.9,3,294,98.0,0.0,0.005511,normal
2026-05-17 15:18:57.771,10.0.0.22,10.0.0.25,1,0.3,1,98,98.0,0.0,0.0,normal
2026-05-17 15:18:57.771,10.0.0.22,10.0.0.15,0,0.9,3,294,98.0,0.0,0.001492,normal
2026-05-17 15:18:57.771,10.0.0.22,10.0.0.20,0,0.9,3,294,98.0,0.0,0.006047,normal
2026-05-17 15:18:57.771,10.0.0.23,10.0.0.7,0,0.9,3,294,98.0,0.0,0.001323,normal
2026-05-17 15:18:57.771,10.0.0.23,10.0.0.2,0,0.9,3,294,98.0,0.0,0.000928,normal
2026-05-17 15:18:57.771,10.0.0.23,10.0.0.9,0,0.6,2,196,98.0,0.0,0.0,normal
2026-05-17 15:18:57.771,10.0.0.22,10.0.0.19,0,0.9,3,294,98.0,0.0,0.003412,normal
2026-05-17 15:18:57.771,10.0.0.23,10.0.0.4,0,0.9,3,294,98.0,0.0,0.002093,normal
2026-05-17 15:18:58.781,10.0.0.24,10.0.0.1,0,0.9,3,294,98.0,0.0,0.001645,normal
2026-05-17 15:18:58.781,10.0.0.23,10.0.0.13,0,0.9,3,294,98.0,0.0,0.001728,normal
2026-05-17 15:18:58.781,10.0.0.23,10.0.0.11,0,0.9,3,294,98.0,0.0,0.000349,normal
2026-05-17 15:18:58.781,10.0.0.24,10.0.0.5,0,0.9,3,294,98.0,0.0,0.003864,normal
2026-05-17 15:18:58.781,10.0.0.23,10.0.0.20,0,0.9,3,294,98.0,0.0,0.004042,normal
2026-05-17 15:18:58.781,10.0.0.24,10.0.0.6,0,0.9,3,294,98.0,0.0,0.003686,normal
2026-05-17 15:18:58.781,10.0.0.24,10.0.0.3,0,0.9,3,294,98.0,0.0,0.005784,normal
2026-05-17 15:18:58.781,10.0.0.24,10.0.0.2,0,0.9,3,294,98.0,0.0,0.008765,normal
2026-05-17 15:18:58.781,10.0.0.23,10.0.0.25,1,0.3,1,98,98.0,0.0,0.0,normal
2026-05-17 15:18:58.781,10.0.0.23,10.0.0.15,0,0.9,3,294,98.0,0.0,0.004098,normal
2026-05-17 15:18:58.781,10.0.0.23,10.0.0.19,0,0.9,3,294,98.0,0.0,0.001221,normal
2026-05-17 15:18:58.781,10.0.0.23,10.0.0.16,0,0.9,3,294,98.0,0.0,0.001955,normal
2026-05-17 15:18:58.781,10.0.0.23,10.0.0.10,0,0.9,3,294,98.0,0.0,0.003664,normal
2026-05-17 15:18:58.781,10.0.0.24,10.0.0.7,0,0.3,1,98,98.0,0.0,0.0,normal
2026-05-17 15:18:58.781,10.0.0.23,10.0.0.17,0,0.9,3,294,98.0,0.0,0.0074,normal
2026-05-17 15:18:58.781,10.0.0.23,10.0.0.21,0,0.3,1,98,98.0,0.0,0.0,normal
2026-05-17 15:18:58.781,10.0.0.23,10.0.0.14,0,0.9,3,294,98.0,0.0,0.001556,normal
2026-05-17 15:18:58.781,10.0.0.23,10.0.0.12,0,0.9,3,294,98.0,0.0,0.000341,normal
2026-05-17 15:18:58.781,10.0.0.23,10.0.0.22,0,0.3,1,98,98.0,0.0,0.0,normal
2026-05-17 15:18:58.781,10.0.0.23,10.0.0.24,0,0.3,1,98,98.0,0.0,0.0,normal
2026-05-17 15:18:58.781,10.0.0.24,10.0.0.4,0,0.9,3,294,98.0,0.0,0.000421,normal
2026-05-17 15:18:58.781,10.0.0.23,10.0.0.18,0,0.9,3,294,98.0,0.0,0.002074,normal
2026-05-17 15:18:59.795,10.0.0.24,10.0.0.25,1,0.3,1,98,98.0,0.0,0.0,normal
2026-05-17 15:18:59.795,10.0.0.24,10.0.0.15,0,0.9,3,294,98.0,0.0,0.000994,normal
2026-05-17 15:18:59.795,10.0.0.25,10.0.0.4,0,0.9,3,294,98.0,0.0,0.002053,normal
2026-05-17 15:18:59.795,10.0.0.24,10.0.0.20,0,0.9,3,294,98.0,0.0,0.003544,normal
2026-05-17 15:18:59.795,10.0.0.25,10.0.0.1,0,0.9,3,294,98.0,0.0,0.001889,normal
2026-05-17 15:18:59.795,10.0.0.24,10.0.0.19,0,0.9,3,294,98.0,0.0,0.00194,normal
2026-05-17 15:18:59.795,10.0.0.24,10.0.0.12,0,0.9,3,294,98.0,0.0,0.006642,normal
2026-05-17 15:18:59.795,10.0.0.24,10.0.0.8,0,0.9,3,294,98.0,0.0,0.00128,normal
2026-05-17 15:18:59.795,10.0.0.24,10.0.0.16,0,0.9,3,294,98.0,0.0,0.002343,normal
2026-05-17 15:18:59.795,10.0.0.25,10.0.0.3,0,0.9,3,294,98.0,0.0,0.002203,normal
2026-05-17 15:18:59.795,10.0.0.24,10.0.0.18,0,0.9,3,294,98.0,0.0,0.002486,normal
2026-05-17 15:18:59.795,10.0.0.24,10.0.0.13,0,0.9,3,294,98.0,0.0,0.00679,normal
2026-05-17 15:18:59.795,10.0.0.24,10.0.0.23,0,0.3,1,98,98.0,0.0,0.0,normal
2026-05-17 15:18:59.795,10.0.0.25,10.0.0.2,0,0.9,3,294,98.0,0.0,0.00332,normal
2026-05-17 15:18:59.795,10.0.0.24,10.0.0.10,0,0.9,3,294,98.0,0.0,0.001461,normal
2026-05-17 15:18:59.795,10.0.0.24,10.0.0.7,0,0.51,1,98,98.0,0.0,0.0,normal
2026-05-17 15:18:59.795,10.0.0.24,10.0.0.17,0,0.9,3,294,98.0,0.0,0.000564,normal
2026-05-17 15:18:59.795,10.0.0.24,10.0.0.21,0,0.3,1,98,98.0,0.0,0.0,normal
2026-05-17 15:18:59.795,10.0.0.24,10.0.0.11,0,0.9,3,294,98.0,0.0,0.002289,normal
2026-05-17 15:18:59.795,10.0.0.24,10.0.0.14,0,0.9,3,294,98.0,0.0,0.002439,normal
2026-05-17 15:18:59.795,10.0.0.24,10.0.0.22,0,0.3,1,98,98.0,0.0,0.0,normal
2026-05-17 15:18:59.795,10.0.0.24,10.0.0.9,0,0.9,3,294,98.0,0.0,0.001407,normal
2026-05-17 15:19:00.804,10.0.0.25,10.0.0.13,0,0.9,3,294,98.0,0.0,0.002682,normal
2026-05-17 15:19:00.804,10.0.0.25,10.0.0.21,0,0.3,1,98,98.0,0.0,0.0,normal
2026-05-17 15:19:00.804,10.0.0.25,10.0.0.11,0,0.9,3,294,98.0,0.0,0.000384,normal
2026-05-17 15:19:00.804,10.0.0.25,10.0.0.9,0,0.9,3,294,98.0,0.0,0.002901,normal
2026-05-17 15:19:00.804,10.0.0.25,10.0.0.20,0,0.9,3,294,98.0,0.0,0.001974,normal
2026-05-17 15:19:00.804,10.0.0.25,10.0.0.6,0,0.9,3,294,98.0,0.0,0.001529,normal
2026-05-17 15:19:00.804,10.0.0.25,10.0.0.15,0,0.9,3,294,98.0,0.0,0.005826,normal
2026-05-17 15:19:00.804,10.0.0.25,10.0.0.19,0,0.9,3,294,98.0,0.0,0.000352,normal
2026-05-17 15:19:00.804,10.0.0.25,10.0.0.5,0,0.9,3,294,98.0,0.0,0.000123,normal
2026-05-17 15:19:00.804,10.0.0.25,10.0.0.8,0,0.9,3,294,98.0,0.0,0.004527,normal
2026-05-17 15:19:00.804,10.0.0.25,10.0.0.16,0,0.9,3,294,98.0,0.0,0.002121,normal
2026-05-17 15:19:00.804,10.0.0.25,10.0.0.23,0,0.3,1,98,98.0,0.0,0.0,normal
2026-05-17 15:19:00.804,10.0.0.25,10.0.0.10,0,0.9,3,294,98.0,0.0,0.001087,normal
2026-05-17 15:19:00.804,10.0.0.25,10.0.0.7,0,0.9,3,294,98.0,0.0,0.002851,normal
2026-05-17 15:19:00.804,10.0.0.25,10.0.0.17,0,0.9,3,294,98.0,0.0,0.003752,normal
2026-05-17 15:19:00.804,10.0.0.25,10.0.0.14,0,0.9,3,294,98.0,0.0,0.001053,normal
2026-05-17 15:19:00.804,10.0.0.25,10.0.0.12,0,0.9,3,294,98.0,0.0,0.003897,normal
2026-05-17 15:19:00.804,10.0.0.25,10.0.0.22,0,0.3,1,98,98.0,0.0,0.0,normal
2026-05-17 15:19:00.804,10.0.0.25,10.0.0.24,0,0.3,1,98,98.0,0.0,0.0,normal
2026-05-17 15:19:00.804,10.0.0.25,10.0.0.18,0,0.9,3,294,98.0,0.0,0.00359,normal
2026-05-17 15:19:20.891,10.0.0.2,10.0.0.25,1,1.53,3,294,98.0,0.0,0.003901,normal
2026-05-17 15:19:21.895,10.0.0.2,10.0.0.25,1,1.971,3,294,98.0,0.0,0.015286,normal
2026-05-17 15:19:22.899,10.0.0.2,10.0.0.25,1,2.2797,3,294,98.0,0.0,0.000973,normal
2026-05-17 15:19:23.902,10.0.0.2,10.0.0.25,1,2.4958,3,294,98.0,0.0,0.000156,normal
2026-05-17 15:19:24.950,10.0.0.2,10.0.0.25,1,2.6471,3,294,98.0,0.0,0.000429,normal
2026-05-17 15:19:25.953,10.0.0.2,10.0.0.25,1,2.7529,3,294,98.0,0.0,0.000761,normal
2026-05-17 15:19:26.958,10.0.0.2,10.0.0.25,1,2.8271,3,294,98.0,0.0,0.002912,normal
2026-05-17 15:19:27.961,10.0.0.5,10.0.0.25,1,1.53,3,294,98.0,0.0,0.005768,normal
2026-05-17 15:19:27.961,10.0.0.2,10.0.0.25,1,2.8789,3,294,98.0,0.0,0.001466,normal
2026-05-17 15:19:28.965,10.0.0.5,10.0.0.25,1,1.971,3,294,98.0,0.0,0.001118,normal
2026-05-17 15:19:28.965,10.0.0.2,10.0.0.25,1,2.9153,3,294,98.0,0.0,0.001817,normal
2026-05-17 15:19:29.968,10.0.0.5,10.0.0.25,1,2.2797,3,294,98.0,0.0,0.011978,normal
2026-05-17 15:19:29.968,10.0.0.2,10.0.0.25,1,2.9407,3,294,98.0,0.0,0.002072,normal
2026-05-17 15:19:30.975,10.0.0.5,10.0.0.25,1,2.4958,3,294,98.0,0.0,0.01125,normal
2026-05-17 15:19:30.975,10.0.0.2,10.0.0.25,1,2.9585,3,294,98.0,0.0,0.00058,normal
2026-05-17 15:19:31.985,10.0.0.5,10.0.0.25,1,2.6471,3,294,98.0,0.0,0.004429,normal
2026-05-17 15:19:31.985,10.0.0.2,10.0.0.25,1,2.9709,3,294,98.0,0.0,0.008906,normal
2026-05-17 15:19:32.995,10.0.0.5,10.0.0.25,1,2.7529,3,294,98.0,0.0,0.001734,normal
2026-05-17 15:19:32.995,10.0.0.2,10.0.0.25,1,2.9797,3,294,98.0,0.0,0.001172,normal
2026-05-17 15:19:33.998,10.0.0.5,10.0.0.25,1,2.8271,3,294,98.0,0.0,5.8e-05,normal
2026-05-17 15:19:33.998,10.0.0.2,10.0.0.25,1,2.9858,3,294,98.0,0.0,0.001,normal
2026-05-17 15:19:35.002,10.0.0.5,10.0.0.25,1,2.8789,3,294,98.0,0.0,0.000653,normal
2026-05-17 15:19:35.002,10.0.0.2,10.0.0.25,1,2.99,3,294,98.0,0.0,0.000606,normal
2026-05-17 15:19:36.009,10.0.0.5,10.0.0.25,1,2.9153,3,294,98.0,0.0,0.001469,normal
2026-05-17 15:19:36.009,10.0.0.2,10.0.0.25,1,2.993,3,294,98.0,0.0,0.003673,normal
2026-05-17 15:19:37.026,10.0.0.5,10.0.0.25,1,2.9407,3,294,98.0,0.0,0.00026,normal
2026-05-17 15:19:37.026,10.0.0.2,10.0.0.25,1,2.9951,3,294,98.0,0.0,5.5e-05,normal
2026-05-17 15:19:38.030,10.0.0.5,10.0.0.25,1,2.9585,3,294,98.0,0.0,0.000185,normal
2026-05-17 15:19:38.030,10.0.0.2,10.0.0.25,1,2.9966,3,294,98.0,0.0,0.000659,normal
2026-05-17 15:19:39.034,10.0.0.5,10.0.0.25,1,2.9709,3,294,98.0,0.0,0.001233,normal
2026-05-17 15:19:39.034,10.0.0.2,10.0.0.25,1,2.9976,3,294,98.0,0.0,0.002476,normal
2026-05-17 15:19:40.044,10.0.0.5,10.0.0.25,1,2.9797,3,294,98.0,0.0,0.004802,normal
2026-05-17 15:19:40.044,10.0.0.10,10.0.0.25,1,1.53,3,294,98.0,0.0,0.00091,normal
2026-05-17 15:19:40.044,10.0.0.2,10.0.0.25,1,2.9983,3,294,98.0,0.0,0.001303,normal
2026-05-17 15:19:41.049,10.0.0.5,10.0.0.25,1,2.9858,3,294,98.0,0.0,0.003599,normal
2026-05-17 15:19:41.049,10.0.0.10,10.0.0.25,1,1.971,3,294,98.0,0.0,0.000107,normal
2026-05-17 15:19:41.049,10.0.0.2,10.0.0.25,1,2.9988,3,294,98.0,0.0,0.00082,normal
2026-05-17 15:19:42.056,10.0.0.5,10.0.0.25,1,2.99,3,294,98.0,0.0,0.004854,normal
2026-05-17 15:19:42.056,10.0.0.10,10.0.0.25,1,2.2797,3,294,98.0,0.0,0.006178,normal
2026-05-17 15:19:42.056,10.0.0.2,10.0.0.25,1,2.9992,3,294,98.0,0.0,0.003694,normal
2026-05-17 15:19:43.067,10.0.0.5,10.0.0.25,1,2.993,3,294,98.0,0.0,0.000313,normal
2026-05-17 15:19:43.067,10.0.0.10,10.0.0.25,1,2.4958,3,294,98.0,0.0,0.000948,normal
2026-05-17 15:19:43.067,10.0.0.2,10.0.0.25,1,2.9994,3,294,98.0,0.0,0.000332,normal
2026-05-17 15:19:44.071,10.0.0.5,10.0.0.25,1,2.9951,3,294,98.0,0.0,0.000583,normal
2026-05-17 15:19:44.071,10.0.0.10,10.0.0.25,1,2.6471,3,294,98.0,0.0,0.000162,normal
2026-05-17 15:19:44.071,10.0.0.2,10.0.0.25,1,2.9996,3,294,98.0,0.0,0.00081,normal
2026-05-17 15:19:45.075,10.0.0.5,10.0.0.25,1,2.9966,3,294,98.0,0.0,0.003926,normal
2026-05-17 15:19:45.075,10.0.0.10,10.0.0.25,1,2.7529,3,294,98.0,0.0,0.002266,normal
2026-05-17 15:19:45.075,10.0.0.2,10.0.0.25,1,2.9997,3,294,98.0,0.0,0.007308,normal
2026-05-17 15:19:46.077,10.0.0.5,10.0.0.25,1,2.9976,3,294,98.0,0.0,0.002016,normal
2026-05-17 15:19:46.077,10.0.0.10,10.0.0.25,1,2.8271,3,294,98.0,0.0,0.00129,normal
2026-05-17 15:19:46.077,10.0.0.15,10.0.0.25,1,1.53,3,294,98.0,0.0,0.004195,normal
2026-05-17 15:19:46.077,10.0.0.2,10.0.0.25,1,2.9998,3,294,98.0,0.0,0.000837,normal
2026-05-17 15:19:47.083,10.0.0.5,10.0.0.25,1,2.9983,3,294,98.0,0.0,0.003299,normal
2026-05-17 15:19:47.083,10.0.0.10,10.0.0.25,1,2.8789,3,294,98.0,0.0,0.001932,normal
2026-05-17 15:19:47.083,10.0.0.15,10.0.0.25,1,1.971,3,294,98.0,0.0,0.009312,normal
2026-05-17 15:19:47.083,10.0.0.2,10.0.0.25,1,2.9999,3,294,98.0,0.0,0.000504,normal
2026-05-17 15:19:48.095,10.0.0.5,10.0.0.25,1,2.9988,3,294,98.0,0.0,0.000304,normal
2026-05-17 15:19:48.095,10.0.0.10,10.0.0.25,1,2.9153,3,294,98.0,0.0,0.000493,normal
2026-05-17 15:19:48.095,10.0.0.15,10.0.0.25,1,2.2797,3,294,98.0,0.0,0.00036,normal
2026-05-17 15:19:48.095,10.0.0.2,10.0.0.25,1,2.9999,3,294,98.0,0.0,0.001561,normal
2026-05-17 15:19:49.102,10.0.0.5,10.0.0.25,1,2.9992,3,294,98.0,0.0,0.000113,normal
2026-05-17 15:19:49.102,10.0.0.10,10.0.0.25,1,2.9407,3,294,98.0,0.0,0.000942,normal
2026-05-17 15:19:49.102,10.0.0.15,10.0.0.25,1,2.4958,3,294,98.0,0.0,0.000148,normal
2026-05-17 15:19:49.102,10.0.0.2,10.0.0.25,1,2.9999,3,294,98.0,0.0,0.002119,normal
2026-05-17 15:19:50.108,10.0.0.5,10.0.0.25,1,2.9994,3,294,98.0,0.0,0.000956,normal
2026-05-17 15:19:50.108,10.0.0.10,10.0.0.25,1,2.9585,3,294,98.0,0.0,0.000749,normal
2026-05-17 15:19:50.108,10.0.0.15,10.0.0.25,1,2.6471,3,294,98.0,0.0,0.009449,normal
2026-05-17 15:19:50.108,10.0.0.2,10.0.0.25,1,3.0,3,294,98.0,0.0,0.012197,normal
2026-05-17 15:19:51.116,10.0.0.5,10.0.0.25,1,2.9996,3,294,98.0,0.0,0.001594,normal
2026-05-17 15:19:51.116,10.0.0.10,10.0.0.25,1,2.9709,3,294,98.0,0.0,0.008229,normal
2026-05-17 15:19:51.116,10.0.0.15,10.0.0.25,1,2.7529,3,294,98.0,0.0,0.002496,normal
2026-05-17 15:19:51.116,10.0.0.2,10.0.0.25,1,3.0,3,294,98.0,0.0,0.000625,normal
2026-05-17 15:19:52.121,10.0.0.5,10.0.0.25,1,2.9997,3,294,98.0,0.0,0.000243,normal
2026-05-17 15:19:52.121,10.0.0.10,10.0.0.25,1,2.9797,3,294,98.0,0.0,0.003683,normal
2026-05-17 15:19:52.121,10.0.0.15,10.0.0.25,1,2.8271,3,294,98.0,0.0,0.000857,normal
2026-05-17 15:19:52.121,10.0.0.2,10.0.0.25,1,3.0,3,294,98.0,0.0,0.000106,normal
2026-05-17 15:19:52.121,10.0.0.20,10.0.0.25,1,1.53,3,294,98.0,0.0,0.011932,normal
2026-05-17 15:19:53.142,10.0.0.5,10.0.0.25,1,2.9998,3,294,98.0,0.0,0.000584,normal
2026-05-17 15:19:53.142,10.0.0.10,10.0.0.25,1,2.9858,3,294,98.0,0.0,0.000283,normal
2026-05-17 15:19:53.142,10.0.0.15,10.0.0.25,1,2.8789,3,294,98.0,0.0,0.001344,normal
2026-05-17 15:19:53.142,10.0.0.2,10.0.0.25,1,3.0,3,294,98.0,0.0,6.6e-05,normal
2026-05-17 15:19:53.142,10.0.0.20,10.0.0.25,1,1.971,3,294,98.0,0.0,0.00218,normal
2026-05-17 15:19:54.160,10.0.0.5,10.0.0.25,1,2.9999,3,294,98.0,0.0,0.001106,normal
2026-05-17 15:19:54.160,10.0.0.10,10.0.0.25,1,2.99,3,294,98.0,0.0,0.000938,normal
2026-05-17 15:19:54.160,10.0.0.15,10.0.0.25,1,2.9153,3,294,98.0,0.0,0.000486,normal
2026-05-17 15:19:54.160,10.0.0.2,10.0.0.25,1,3.0,3,294,98.0,0.0,0.00208,normal
2026-05-17 15:19:54.160,10.0.0.20,10.0.0.25,1,2.2797,3,294,98.0,0.0,0.000658,normal
2026-05-17 15:19:55.164,10.0.0.5,10.0.0.25,1,2.9999,3,294,98.0,0.0,0.011177,normal
2026-05-17 15:19:55.164,10.0.0.10,10.0.0.25,1,2.993,3,294,98.0,0.0,0.012417,normal
2026-05-17 15:19:55.164,10.0.0.15,10.0.0.25,1,2.9407,3,294,98.0,0.0,0.002013,normal
2026-05-17 15:19:55.164,10.0.0.2,10.0.0.25,1,3.0,3,294,98.0,0.0,0.00631,normal
2026-05-17 15:19:55.164,10.0.0.20,10.0.0.25,1,2.4958,3,294,98.0,0.0,0.001267,normal
2026-05-17 15:19:56.172,10.0.0.5,10.0.0.25,1,2.9999,3,294,98.0,0.0,0.000588,normal
2026-05-17 15:19:56.172,10.0.0.10,10.0.0.25,1,2.9951,3,294,98.0,0.0,0.002442,normal
2026-05-17 15:19:56.172,10.0.0.15,10.0.0.25,1,2.9585,3,294,98.0,0.0,0.001638,normal
2026-05-17 15:19:56.172,10.0.0.2,10.0.0.25,1,3.0,3,294,98.0,0.0,0.001177,normal
2026-05-17 15:19:56.172,10.0.0.20,10.0.0.25,1,2.6471,3,294,98.0,0.0,0.001517,normal
2026-05-17 15:19:57.183,10.0.0.5,10.0.0.25,1,3.0,3,294,98.0,0.0,4.7e-05,normal
2026-05-17 15:19:57.183,10.0.0.10,10.0.0.25,1,2.9966,3,294,98.0,0.0,0.001191,normal
2026-05-17 15:19:57.183,10.0.0.15,10.0.0.25,1,2.9709,3,294,98.0,0.0,0.002212,normal
2026-05-17 15:19:57.183,10.0.0.2,10.0.0.25,1,3.0,3,294,98.0,0.0,0.001567,normal
2026-05-17 15:19:57.183,10.0.0.20,10.0.0.25,1,2.7529,3,294,98.0,0.0,0.00051,normal
2026-05-17 15:19:58.188,10.0.0.5,10.0.0.25,1,3.0,3,294,98.0,0.0,0.003063,normal
2026-05-17 15:19:58.188,10.0.0.10,10.0.0.25,1,2.9976,3,294,98.0,0.0,6.1e-05,normal
2026-05-17 15:19:58.188,10.0.0.15,10.0.0.25,1,2.9797,3,294,98.0,0.0,0.001601,normal
2026-05-17 15:19:58.188,10.0.0.2,10.0.0.25,1,3.0,3,294,98.0,0.0,0.000391,normal
2026-05-17 15:19:58.188,10.0.0.20,10.0.0.25,1,2.8271,3,294,98.0,0.0,0.000504,normal
2026-05-17 15:19:59.203,10.0.0.5,10.0.0.25,1,3.0,3,294,98.0,0.0,0.001189,normal
2026-05-17 15:19:59.203,10.0.0.10,10.0.0.25,1,2.9983,3,294,98.0,0.0,0.003156,normal
2026-05-17 15:19:59.203,10.0.0.15,10.0.0.25,1,2.9858,3,294,98.0,0.0,0.001449,normal
2026-05-17 15:19:59.203,10.0.0.2,10.0.0.25,1,3.0,3,294,98.0,0.0,0.004917,normal
2026-05-17 15:19:59.203,10.0.0.20,10.0.0.25,1,2.8789,3,294,98.0,0.0,0.000582,normal
2026-05-17 15:20:00.212,10.0.0.5,10.0.0.25,1,3.0,3,294,98.0,0.0,0.004533,normal
2026-05-17 15:20:00.212,10.0.0.10,10.0.0.25,1,2.9988,3,294,98.0,0.0,0.003351,normal
2026-05-17 15:20:00.212,10.0.0.15,10.0.0.25,1,2.99,3,294,98.0,0.0,0.00082,normal
2026-05-17 15:20:00.212,10.0.0.2,10.0.0.25,1,3.0,3,294,98.0,0.0,0.002589,normal
2026-05-17 15:20:00.212,10.0.0.20,10.0.0.25,1,2.9153,3,294,98.0,0.0,0.001813,normal
2026-05-17 15:20:01.225,10.0.0.5,10.0.0.25,1,3.0,3,294,98.0,0.0,0.000899,normal
2026-05-17 15:20:01.225,10.0.0.10,10.0.0.25,1,2.9992,3,294,98.0,0.0,0.000733,normal
2026-05-17 15:20:01.225,10.0.0.15,10.0.0.25,1,2.993,3,294,98.0,0.0,0.000853,normal
2026-05-17 15:20:01.225,10.0.0.2,10.0.0.25,1,3.0,3,294,98.0,0.0,0.00112,normal
2026-05-17 15:20:01.225,10.0.0.20,10.0.0.25,1,2.9407,3,294,98.0,0.0,0.000775,normal
2026-05-17 15:20:02.234,10.0.0.5,10.0.0.25,1,3.0,3,294,98.0,0.0,0.002548,normal
2026-05-17 15:20:02.234,10.0.0.10,10.0.0.25,1,2.9994,3,294,98.0,0.0,0.00096,normal
2026-05-17 15:20:02.234,10.0.0.15,10.0.0.25,1,2.9951,3,294,98.0,0.0,0.000571,normal
2026-05-17 15:20:02.234,10.0.0.2,10.0.0.25,1,3.0,3,294,98.0,0.0,0.003501,normal
2026-05-17 15:20:02.234,10.0.0.20,10.0.0.25,1,2.9585,3,294,98.0,0.0,0.002625,normal
2026-05-17 15:20:03.239,10.0.0.5,10.0.0.25,1,3.0,3,294,98.0,0.0,0.003316,normal
2026-05-17 15:20:03.239,10.0.0.10,10.0.0.25,1,2.9996,3,294,98.0,0.0,0.003423,normal
2026-05-17 15:20:03.239,10.0.0.15,10.0.0.25,1,2.9966,3,294,98.0,0.0,0.000656,normal
2026-05-17 15:20:03.239,10.0.0.2,10.0.0.25,1,3.0,3,294,98.0,0.0,0.00752,normal
2026-05-17 15:20:03.239,10.0.0.20,10.0.0.25,1,2.9709,3,294,98.0,0.0,0.001656,normal
2026-05-17 15:20:04.256,10.0.0.5,10.0.0.25,1,3.0,3,294,98.0,0.0,0.001265,normal
2026-05-17 15:20:04.256,10.0.0.10,10.0.0.25,1,2.9997,3,294,98.0,0.0,0.002264,normal
2026-05-17 15:20:04.256,10.0.0.15,10.0.0.25,1,2.9976,3,294,98.0,0.0,0.002513,normal
2026-05-17 15:20:04.256,10.0.0.2,10.0.0.25,1,3.0,3,294,98.0,0.0,0.012053,normal
2026-05-17 15:20:04.256,10.0.0.20,10.0.0.25,1,2.9797,3,294,98.0,0.0,0.011009,normal
2026-05-17 15:20:05.267,10.0.0.5,10.0.0.25,1,3.0,3,294,98.0,0.0,0.002044,normal
2026-05-17 15:20:05.267,10.0.0.10,10.0.0.25,1,2.9998,3,294,98.0,0.0,0.00144,normal
2026-05-17 15:20:05.267,10.0.0.15,10.0.0.25,1,2.9983,3,294,98.0,0.0,0.003508,normal
2026-05-17 15:20:05.267,10.0.0.2,10.0.0.25,1,3.0,3,294,98.0,0.0,0.005309,normal
2026-05-17 15:20:05.267,10.0.0.20,10.0.0.25,1,2.9858,3,294,98.0,0.0,0.017872,normal
2026-05-17 15:20:06.275,10.0.0.5,10.0.0.25,1,3.0,3,294,98.0,0.0,0.003002,normal
2026-05-17 15:20:06.275,10.0.0.10,10.0.0.25,1,2.9999,3,294,98.0,0.0,0.002278,normal
2026-05-17 15:20:06.275,10.0.0.15,10.0.0.25,1,2.9988,3,294,98.0,0.0,0.001482,normal
2026-05-17 15:20:06.275,10.0.0.2,10.0.0.25,1,3.0,3,294,98.0,0.0,0.000749,normal
2026-05-17 15:20:06.275,10.0.0.20,10.0.0.25,1,2.99,3,294,98.0,0.0,0.002941,normal
2026-05-17 15:20:07.280,10.0.0.5,10.0.0.25,1,3.0,3,294,98.0,0.0,9.1e-05,normal
2026-05-17 15:20:07.280,10.0.0.10,10.0.0.25,1,2.9999,3,294,98.0,0.0,0.000794,normal
2026-05-17 15:20:07.280,10.0.0.15,10.0.0.25,1,2.9992,3,294,98.0,0.0,0.000655,normal
2026-05-17 15:20:07.280,10.0.0.2,10.0.0.25,1,3.0,3,294,98.0,0.0,0.005133,normal
2026-05-17 15:20:07.280,10.0.0.20,10.0.0.25,1,2.993,3,294,98.0,0.0,0.013101,normal
2026-05-17 15:20:08.288,10.0.0.5,10.0.0.25,1,3.0,3,294,98.0,0.0,0.001926,normal
2026-05-17 15:20:08.288,10.0.0.10,10.0.0.25,1,2.9999,3,294,98.0,0.0,0.008299,normal
2026-05-17 15:20:08.288,10.0.0.15,10.0.0.25,1,2.9994,3,294,98.0,0.0,0.001027,normal
2026-05-17 15:20:08.288,10.0.0.3,10.0.0.8,0,1.53,3,294,98.0,0.0,0.004449,normal
2026-05-17 15:20:08.288,10.0.0.2,10.0.0.25,1,3.0,3,294,98.0,0.0,0.000335,normal
2026-05-17 15:20:08.288,10.0.0.20,10.0.0.25,1,2.9951,3,294,98.0,0.0,0.004388,normal
2026-05-17 15:20:09.293,10.0.0.5,10.0.0.25,1,3.0,3,294,98.0,0.0,0.002519,normal
2026-05-17 15:20:09.293,10.0.0.10,10.0.0.25,1,3.0,3,294,98.0,0.0,0.000311,normal
2026-05-17 15:20:09.293,10.0.0.15,10.0.0.25,1,2.9996,3,294,98.0,0.0,7e-06,normal
2026-05-17 15:20:09.293,10.0.0.2,10.0.0.25,1,3.0,3,294,98.0,0.0,0.0005,normal
2026-05-17 15:20:09.293,10.0.0.20,10.0.0.25,1,2.9966,3,294,98.0,0.0,0.000884,normal
2026-05-17 15:20:10.303,10.0.0.5,10.0.0.25,1,3.0,3,294,98.0,0.0,0.00094,normal
2026-05-17 15:20:10.303,10.0.0.10,10.0.0.25,1,3.0,3,294,98.0,0.0,0.004799,normal
2026-05-17 15:20:10.303,10.0.0.15,10.0.0.25,1,2.9997,3,294,98.0,0.0,0.000792,normal
2026-05-17 15:20:10.303,10.0.0.3,10.0.0.8,0,1.971,3,294,98.0,0.0,0.00188,normal
2026-05-17 15:20:10.303,10.0.0.2,10.0.0.25,1,3.0,3,294,98.0,0.0,0.002922,normal
2026-05-17 15:20:10.303,10.0.0.20,10.0.0.25,1,2.9976,3,294,98.0,0.0,0.002806,normal
2026-05-17 15:20:11.313,10.0.0.5,10.0.0.25,1,3.0,3,294,98.0,0.0,0.000942,normal
2026-05-17 15:20:11.313,10.0.0.10,10.0.0.25,1,3.0,3,294,98.0,0.0,9.4e-05,normal
2026-05-17 15:20:11.313,10.0.0.15,10.0.0.25,1,2.9998,3,294,98.0,0.0,0.001404,normal
2026-05-17 15:20:11.313,10.0.0.2,10.0.0.25,1,3.0,3,294,98.0,0.0,0.000222,normal
2026-05-17 15:20:11.313,10.0.0.20,10.0.0.25,1,2.9983,3,294,98.0,0.0,0.001695,normal
2026-05-17 15:20:12.316,10.0.0.5,10.0.0.25,1,3.0,3,294,98.0,0.0,0.000155,normal
2026-05-17 15:20:12.316,10.0.0.10,10.0.0.25,1,3.0,3,294,98.0,0.0,0.000746,normal
2026-05-17 15:20:12.316,10.0.0.15,10.0.0.25,1,2.9999,3,294,98.0,0.0,0.000607,normal
2026-05-17 15:20:12.316,10.0.0.3,10.0.0.8,0,2.2797,3,294,98.0,0.0,2.6e-05,normal
2026-05-17 15:20:12.316,10.0.0.2,10.0.0.25,1,3.0,3,294,98.0,0.0,0.00163,normal
2026-05-17 15:20:12.316,10.0.0.20,10.0.0.25,1,2.9988,3,294,98.0,0.0,0.002247,normal
2026-05-17 15:20:13.320,10.0.0.5,10.0.0.25,1,3.0,3,294,98.0,0.0,0.000489,normal
2026-05-17 15:20:13.320,10.0.0.10,10.0.0.25,1,3.0,3,294,98.0,0.0,0.00629,normal
2026-05-17 15:20:13.320,10.0.0.15,10.0.0.25,1,2.9999,3,294,98.0,0.0,0.00286,normal
2026-05-17 15:20:13.320,10.0.0.2,10.0.0.25,1,3.0,3,294,98.0,0.0,0.001488,normal
2026-05-17 15:20:13.320,10.0.0.20,10.0.0.25,1,2.9992,3,294,98.0,0.0,0.004909,normal
2026-05-17 15:20:14.326,10.0.0.5,10.0.0.25,1,3.0,3,294,98.0,0.0,0.005229,normal
2026-05-17 15:20:14.326,10.0.0.10,10.0.0.25,1,3.0,3,294,98.0,0.0,0.000251,normal
2026-05-17 15:20:14.326,10.0.0.15,10.0.0.25,1,2.9999,3,294,98.0,0.0,0.001002,normal
2026-05-17 15:20:14.326,10.0.0.3,10.0.0.8,0,2.4958,3,294,98.0,0.0,0.001782,normal
2026-05-17 15:20:14.326,10.0.0.2,10.0.0.25,1,3.0,3,294,98.0,0.0,0.003306,normal
2026-05-17 15:20:14.326,10.0.0.20,10.0.0.25,1,2.9994,3,294,98.0,0.0,0.000477,normal
2026-05-17 15:20:15.336,10.0.0.5,10.0.0.25,1,3.0,3,294,98.0,0.0,0.000866,normal
2026-05-17 15:20:15.336,10.0.0.10,10.0.0.25,1,3.0,3,294,98.0,0.0,0.001336,normal
2026-05-17 15:20:15.336,10.0.0.15,10.0.0.25,1,3.0,3,294,98.0,0.0,0.000364,normal
2026-05-17 15:20:15.336,10.0.0.2,10.0.0.25,1,3.0,3,294,98.0,0.0,0.001704,normal
2026-05-17 15:20:15.336,10.0.0.20,10.0.0.25,1,2.9996,3,294,98.0,0.0,0.003435,normal
2026-05-17 15:20:16.344,10.0.0.5,10.0.0.25,1,3.0,3,294,98.0,0.0,0.000169,normal
2026-05-17 15:20:16.344,10.0.0.10,10.0.0.25,1,3.0,3,294,98.0,0.0,0.004087,normal
2026-05-17 15:20:16.344,10.0.0.15,10.0.0.25,1,3.0,3,294,98.0,0.0,0.000236,normal
2026-05-17 15:20:16.344,10.0.0.3,10.0.0.8,0,2.6471,3,294,98.0,0.0,0.000362,normal
2026-05-17 15:20:16.344,10.0.0.2,10.0.0.25,1,3.0,3,294,98.0,0.0,0.002728,normal
2026-05-17 15:20:16.344,10.0.0.20,10.0.0.25,1,2.9997,3,294,98.0,0.0,0.002674,normal
2026-05-17 15:20:17.350,10.0.0.5,10.0.0.25,1,3.0,3,294,98.0,0.0,0.001108,normal
2026-05-17 15:20:17.350,10.0.0.10,10.0.0.25,1,3.0,3,294,98.0,0.0,0.002069,normal
2026-05-17 15:20:17.350,10.0.0.15,10.0.0.25,1,3.0,3,294,98.0,0.0,0.000189,normal
2026-05-17 15:20:17.350,10.0.0.6,10.0.0.12,0,1.53,3,294,98.0,0.0,0.000963,normal
2026-05-17 15:20:17.350,10.0.0.2,10.0.0.25,1,3.0,3,294,98.0,0.0,0.002407,normal
2026-05-17 15:20:17.350,10.0.0.20,10.0.0.25,1,2.9998,3,294,98.0,0.0,0.004236,normal
2026-05-17 15:20:18.359,10.0.0.5,10.0.0.25,1,3.0,3,294,98.0,0.0,0.0006,normal
2026-05-17 15:20:18.359,10.0.0.10,10.0.0.25,1,3.0,3,294,98.0,0.0,0.00029,normal
2026-05-17 15:20:18.359,10.0.0.15,10.0.0.25,1,3.0,3,294,98.0,0.0,0.000301,normal
2026-05-17 15:20:18.359,10.0.0.3,10.0.0.8,0,2.7529,3,294,98.0,0.0,0.002196,normal
2026-05-17 15:20:18.359,10.0.0.2,10.0.0.25,1,3.0,3,294,98.0,0.0,0.012454,normal
2026-05-17 15:20:18.359,10.0.0.20,10.0.0.25,1,2.9999,3,294,98.0,0.0,0.002247,normal
2026-05-17 15:20:19.365,10.0.0.5,10.0.0.25,1,3.0,3,294,98.0,0.0,0.000425,normal
2026-05-17 15:20:19.365,10.0.0.10,10.0.0.25,1,3.0,3,294,98.0,0.0,0.000308,normal
2026-05-17 15:20:19.365,10.0.0.15,10.0.0.25,1,3.0,3,294,98.0,0.0,4.7e-05,normal
2026-05-17 15:20:19.365,10.0.0.6,10.0.0.12,0,1.971,3,294,98.0,0.0,0.00035,normal
2026-05-17 15:20:19.365,10.0.0.2,10.0.0.25,1,3.0,3,294,98.0,0.0,0.003019,normal
2026-05-17 15:20:19.365,10.0.0.20,10.0.0.25,1,2.9999,3,294,98.0,0.0,0.005173,normal
2026-05-17 15:20:20.375,10.0.0.5,10.0.0.25,1,3.0,3,294,98.0,0.0,0.001057,normal
2026-05-17 15:20:20.375,10.0.0.10,10.0.0.25,1,3.0,3,294,98.0,0.0,0.000447,normal
2026-05-17 15:20:20.375,10.0.0.15,10.0.0.25,1,3.0,3,294,98.0,0.0,0.000432,normal
2026-05-17 15:20:20.375,10.0.0.3,10.0.0.8,0,2.8271,3,294,98.0,0.0,0.002404,normal
2026-05-17 15:20:20.375,10.0.0.2,10.0.0.25,1,3.0,3,294,98.0,0.0,0.000431,normal
2026-05-17 15:20:20.375,10.0.0.20,10.0.0.25,1,2.9999,3,294,98.0,0.0,0.002118,normal
2026-05-17 15:20:21.381,10.0.0.5,10.0.0.25,1,3.0,3,294,98.0,0.0,2.5e-05,normal
2026-05-17 15:20:21.381,10.0.0.10,10.0.0.25,1,3.0,3,294,98.0,0.0,5.4e-05,normal
2026-05-17 15:20:21.381,10.0.0.15,10.0.0.25,1,3.0,3,294,98.0,0.0,0.00164,normal
2026-05-17 15:20:21.381,10.0.0.6,10.0.0.12,0,2.2797,3,294,98.0,0.0,0.002266,normal
2026-05-17 15:20:21.381,10.0.0.2,10.0.0.25,1,3.0,3,294,98.0,0.0,0.003728,normal
2026-05-17 15:20:21.381,10.0.0.20,10.0.0.25,1,3.0,3,294,98.0,0.0,0.001681,normal
2026-05-17 15:20:22.386,10.0.0.5,10.0.0.25,1,3.0,3,294,98.0,0.0,0.004595,normal
2026-05-17 15:20:22.386,10.0.0.10,10.0.0.25,1,3.0,3,294,98.0,0.0,0.001675,normal
2026-05-17 15:20:22.386,10.0.0.15,10.0.0.25,1,3.0,3,294,98.0,0.0,0.000174,normal
2026-05-17 15:20:22.386,10.0.0.3,10.0.0.8,0,2.8789,3,294,98.0,0.0,0.007068,normal
2026-05-17 15:20:22.386,10.0.0.2,10.0.0.25,1,3.0,3,294,98.0,0.0,0.001528,normal
2026-05-17 15:20:22.386,10.0.0.20,10.0.0.25,1,3.0,3,294,98.0,0.0,0.001132,normal
2026-05-17 15:20:23.389,10.0.0.5,10.0.0.25,1,3.0,3,294,98.0,0.0,0.007228,normal
2026-05-17 15:20:23.389,10.0.0.10,10.0.0.25,1,3.0,3,294,98.0,0.0,0.006561,normal
2026-05-17 15:20:23.389,10.0.0.15,10.0.0.25,1,3.0,3,294,98.0,0.0,0.000122,normal
2026-05-17 15:20:23.389,10.0.0.6,10.0.0.12,0,2.4958,3,294,98.0,0.0,0.001377,normal
2026-05-17 15:20:23.389,10.0.0.2,10.0.0.25,1,3.0,3,294,98.0,0.0,0.00215,normal
2026-05-17 15:20:23.389,10.0.0.20,10.0.0.25,1,3.0,3,294,98.0,0.0,0.000321,normal
2026-05-17 15:20:24.394,10.0.0.5,10.0.0.25,1,3.0,3,294,98.0,0.0,0.000584,normal
2026-05-17 15:20:24.394,10.0.0.10,10.0.0.25,1,3.0,3,294,98.0,0.0,0.000815,normal
2026-05-17 15:20:24.394,10.0.0.15,10.0.0.25,1,3.0,3,294,98.0,0.0,0.003627,normal
2026-05-17 15:20:24.394,10.0.0.3,10.0.0.8,0,2.9153,3,294,98.0,0.0,1.9e-05,normal
2026-05-17 15:20:24.394,10.0.0.2,10.0.0.25,1,3.0,3,294,98.0,0.0,0.006215,normal
2026-05-17 15:20:24.394,10.0.0.20,10.0.0.25,1,3.0,3,294,98.0,0.0,0.000235,normal
2026-05-17 15:20:25.401,10.0.0.5,10.0.0.25,1,3.0,3,294,98.0,0.0,0.001289,normal
2026-05-17 15:20:25.401,10.0.0.10,10.0.0.25,1,3.0,3,294,98.0,0.0,0.000113,normal
2026-05-17 15:20:25.401,10.0.0.15,10.0.0.25,1,3.0,3,294,98.0,0.0,0.000842,normal
2026-05-17 15:20:25.401,10.0.0.6,10.0.0.12,0,2.6471,3,294,98.0,0.0,0.001095,normal
2026-05-17 15:20:25.401,10.0.0.2,10.0.0.25,1,3.0,3,294,98.0,0.0,0.002393,normal
2026-05-17 15:20:25.401,10.0.0.20,10.0.0.25,1,3.0,3,294,98.0,0.0,0.000609,normal
2026-05-17 15:20:26.407,10.0.0.5,10.0.0.25,1,3.0,3,294,98.0,0.0,0.002542,normal
2026-05-17 15:20:26.407,10.0.0.10,10.0.0.25,1,3.0,3,294,98.0,0.0,7.3e-05,normal
2026-05-17 15:20:26.407,10.0.0.11,10.0.0.17,0,1.53,3,294,98.0,0.0,0.000234,normal
2026-05-17 15:20:26.407,10.0.0.15,10.0.0.25,1,3.0,3,294,98.0,0.0,0.000643,normal
2026-05-17 15:20:26.407,10.0.0.3,10.0.0.8,0,2.9407,3,294,98.0,0.0,0.001811,normal
2026-05-17 15:20:26.407,10.0.0.2,10.0.0.25,1,3.0,3,294,98.0,0.0,0.001735,normal
2026-05-17 15:20:26.407,10.0.0.20,10.0.0.25,1,3.0,3,294,98.0,0.0,0.004111,normal
2026-05-17 15:20:27.413,10.0.0.5,10.0.0.25,1,3.0,3,294,98.0,0.0,0.005059,normal
2026-05-17 15:20:27.413,10.0.0.10,10.0.0.25,1,3.0,3,294,98.0,0.0,0.000831,normal
2026-05-17 15:20:27.413,10.0.0.15,10.0.0.25,1,3.0,3,294,98.0,0.0,0.005351,normal
2026-05-17 15:20:27.413,10.0.0.6,10.0.0.12,0,2.7529,3,294,98.0,0.0,0.002274,normal
2026-05-17 15:20:27.413,10.0.0.2,10.0.0.25,1,3.0,3,294,98.0,0.0,0.00185,normal
2026-05-17 15:20:27.413,10.0.0.20,10.0.0.25,1,3.0,3,294,98.0,0.0,0.000314,normal
2026-05-17 15:20:28.422,10.0.0.5,10.0.0.25,1,3.0,3,294,98.0,0.0,0.000154,normal
2026-05-17 15:20:28.422,10.0.0.10,10.0.0.25,1,3.0,3,294,98.0,0.0,0.000375,normal
2026-05-17 15:20:28.422,10.0.0.11,10.0.0.17,0,1.971,3,294,98.0,0.0,0.000392,normal
2026-05-17 15:20:28.422,10.0.0.15,10.0.0.25,1,3.0,3,294,98.0,0.0,0.000404,normal
2026-05-17 15:20:28.422,10.0.0.3,10.0.0.8,0,2.9585,3,294,98.0,0.0,0.001313,normal
2026-05-17 15:20:28.422,10.0.0.2,10.0.0.25,1,3.0,3,294,98.0,0.0,0.001351,normal
2026-05-17 15:20:28.422,10.0.0.20,10.0.0.25,1,3.0,3,294,98.0,0.0,0.00068,normal
2026-05-17 15:20:29.432,10.0.0.5,10.0.0.25,1,3.0,3,294,98.0,0.0,0.001018,normal
2026-05-17 15:20:29.432,10.0.0.10,10.0.0.25,1,3.0,3,294,98.0,0.0,0.000273,normal
2026-05-17 15:20:29.432,10.0.0.15,10.0.0.25,1,3.0,3,294,98.0,0.0,0.000412,normal
2026-05-17 15:20:29.432,10.0.0.6,10.0.0.12,0,2.8271,3,294,98.0,0.0,0.002146,normal
2026-05-17 15:20:29.432,10.0.0.2,10.0.0.25,1,3.0,3,294,98.0,0.0,0.00012,normal
2026-05-17 15:20:29.432,10.0.0.20,10.0.0.25,1,3.0,3,294,98.0,0.0,0.000775,normal
2026-05-17 15:20:30.439,10.0.0.5,10.0.0.25,1,3.0,3,294,98.0,0.0,0.000972,normal
2026-05-17 15:20:30.439,10.0.0.10,10.0.0.25,1,3.0,3,294,98.0,0.0,0.000518,normal
2026-05-17 15:20:30.439,10.0.0.11,10.0.0.17,0,2.2797,3,294,98.0,0.0,0.001844,normal
2026-05-17 15:20:30.439,10.0.0.15,10.0.0.25,1,3.0,3,294,98.0,0.0,0.00018,normal
2026-05-17 15:20:30.439,10.0.0.3,10.0.0.8,0,2.9709,3,294,98.0,0.0,6.2e-05,normal
2026-05-17 15:20:30.439,10.0.0.2,10.0.0.25,1,3.0,3,294,98.0,0.0,0.001207,normal
2026-05-17 15:20:30.439,10.0.0.20,10.0.0.25,1,3.0,3,294,98.0,0.0,0.002652,normal
2026-05-17 15:20:31.445,10.0.0.5,10.0.0.25,1,3.0,3,294,98.0,0.0,0.000791,normal
2026-05-17 15:20:31.445,10.0.0.10,10.0.0.25,1,3.0,3,294,98.0,0.0,0.000802,normal
2026-05-17 15:20:31.445,10.0.0.15,10.0.0.25,1,3.0,3,294,98.0,0.0,0.000973,normal
2026-05-17 15:20:31.445,10.0.0.6,10.0.0.12,0,2.8789,3,294,98.0,0.0,0.000626,normal
2026-05-17 15:20:31.445,10.0.0.2,10.0.0.25,1,3.0,3,294,98.0,0.0,0.002361,normal
2026-05-17 15:20:31.445,10.0.0.20,10.0.0.25,1,3.0,3,294,98.0,0.0,0.007906,normal
2026-05-17 15:20:32.452,10.0.0.5,10.0.0.25,1,3.0,3,294,98.0,0.0,9.3e-05,normal
2026-05-17 15:20:32.452,10.0.0.10,10.0.0.25,1,3.0,3,294,98.0,0.0,0.001008,normal
2026-05-17 15:20:32.452,10.0.0.11,10.0.0.17,0,2.4958,3,294,98.0,0.0,2.3e-05,normal
2026-05-17 15:20:32.452,10.0.0.15,10.0.0.25,1,3.0,3,294,98.0,0.0,0.008394,normal
2026-05-17 15:20:32.452,10.0.0.3,10.0.0.8,0,2.9797,3,294,98.0,0.0,0.00128,normal
2026-05-17 15:20:32.452,10.0.0.2,10.0.0.25,1,3.0,3,294,98.0,0.0,0.005205,normal
2026-05-17 15:20:32.452,10.0.0.20,10.0.0.25,1,3.0,3,294,98.0,0.0,0.002056,normal
2026-05-17 15:20:33.456,10.0.0.5,10.0.0.25,1,3.0,3,294,98.0,0.0,0.001896,normal
2026-05-17 15:20:33.456,10.0.0.10,10.0.0.25,1,3.0,3,294,98.0,0.0,0.007546,normal
2026-05-17 15:20:33.456,10.0.0.15,10.0.0.25,1,3.0,3,294,98.0,0.0,0.001704,normal
2026-05-17 15:20:33.456,10.0.0.6,10.0.0.12,0,2.9153,3,294,98.0,0.0,0.003935,normal
2026-05-17 15:20:33.456,10.0.0.2,10.0.0.25,1,3.0,3,294,98.0,0.0,0.003478,normal
2026-05-17 15:20:33.456,10.0.0.20,10.0.0.25,1,3.0,3,294,98.0,0.0,0.001104,normal
2026-05-17 15:20:34.461,10.0.0.5,10.0.0.25,1,3.0,3,294,98.0,0.0,0.001325,normal
2026-05-17 15:20:34.461,10.0.0.10,10.0.0.25,1,3.0,3,294,98.0,0.0,0.001146,normal
2026-05-17 15:20:34.461,10.0.0.11,10.0.0.17,0,2.6471,3,294,98.0,0.0,0.006018,normal
2026-05-17 15:20:34.461,10.0.0.15,10.0.0.25,1,3.0,3,294,98.0,0.0,0.001351,normal
2026-05-17 15:20:34.461,10.0.0.3,10.0.0.8,0,2.9858,3,294,98.0,0.0,0.004265,normal
2026-05-17 15:20:34.461,10.0.0.2,10.0.0.25,1,3.0,3,294,98.0,0.0,0.012109,normal
2026-05-17 15:20:34.461,10.0.0.20,10.0.0.25,1,3.0,3,294,98.0,0.0,0.006447,normal
2026-05-17 15:20:35.470,10.0.0.5,10.0.0.25,1,3.0,3,294,98.0,0.0,0.000286,normal
2026-05-17 15:20:35.470,10.0.0.10,10.0.0.25,1,3.0,3,294,98.0,0.0,8.5e-05,normal
2026-05-17 15:20:35.470,10.0.0.15,10.0.0.25,1,3.0,3,294,98.0,0.0,0.003417,normal
2026-05-17 15:20:35.470,10.0.0.6,10.0.0.12,0,2.9407,3,294,98.0,0.0,0.000373,normal
2026-05-17 15:20:35.470,10.0.0.2,10.0.0.25,1,3.0,3,294,98.0,0.0,0.002765,normal
2026-05-17 15:20:35.470,10.0.0.20,10.0.0.25,1,3.0,3,294,98.0,0.0,0.002711,normal
2026-05-17 15:20:36.478,10.0.0.5,10.0.0.25,1,3.0,3,294,98.0,0.0,0.001592,normal
2026-05-17 15:20:36.478,10.0.0.10,10.0.0.25,1,3.0,3,294,98.0,0.0,0.003069,normal
2026-05-17 15:20:36.478,10.0.0.11,10.0.0.17,0,2.7529,3,294,98.0,0.0,0.006421,normal
2026-05-17 15:20:36.478,10.0.0.15,10.0.0.25,1,3.0,3,294,98.0,0.0,0.012267,normal
2026-05-17 15:20:36.478,10.0.0.3,10.0.0.8,0,2.99,3,294,98.0,0.0,0.001349,normal
2026-05-17 15:20:36.478,10.0.0.2,10.0.0.25,1,3.0,3,294,98.0,0.0,0.003223,normal
2026-05-17 15:20:36.478,10.0.0.20,10.0.0.25,1,3.0,3,294,98.0,0.0,0.00936,normal
2026-05-17 15:20:37.487,10.0.0.5,10.0.0.25,1,3.0,3,294,98.0,0.0,0.001558,normal
2026-05-17 15:20:37.487,10.0.0.10,10.0.0.25,1,3.0,3,294,98.0,0.0,0.000152,normal
2026-05-17 15:20:37.487,10.0.0.15,10.0.0.25,1,3.0,3,294,98.0,0.0,0.000208,normal
2026-05-17 15:20:37.487,10.0.0.6,10.0.0.12,0,2.9585,3,294,98.0,0.0,0.00312,normal
2026-05-17 15:20:37.487,10.0.0.2,10.0.0.25,1,3.0,3,294,98.0,0.0,0.004926,normal
2026-05-17 15:20:37.487,10.0.0.20,10.0.0.25,1,3.0,3,294,98.0,0.0,0.000443,normal
2026-05-17 15:20:38.493,10.0.0.5,10.0.0.25,1,3.0,3,294,98.0,0.0,0.001295,normal
2026-05-17 15:20:38.493,10.0.0.10,10.0.0.25,1,3.0,3,294,98.0,0.0,0.003431,normal
2026-05-17 15:20:38.493,10.0.0.11,10.0.0.17,0,2.8271,3,294,98.0,0.0,0.000371,normal
2026-05-17 15:20:38.493,10.0.0.15,10.0.0.25,1,3.0,3,294,98.0,0.0,0.00085,normal
2026-05-17 15:20:38.493,10.0.0.3,10.0.0.8,0,2.693,2,196,98.0,0.0,0.0,normal
2026-05-17 15:20:38.493,10.0.0.2,10.0.0.25,1,3.0,3,294,98.0,0.0,0.000232,normal
2026-05-17 15:20:38.493,10.0.0.20,10.0.0.25,1,3.0,3,294,98.0,0.0,0.001092,normal
2026-05-17 15:20:39.500,10.0.0.5,10.0.0.25,1,3.0,3,294,98.0,0.0,0.002591,normal
2026-05-17 15:20:39.500,10.0.0.10,10.0.0.25,1,3.0,3,294,98.0,0.0,0.001451,normal
2026-05-17 15:20:39.500,10.0.0.15,10.0.0.25,1,3.0,3,294,98.0,0.0,0.00014,normal
2026-05-17 15:20:39.500,10.0.0.3,10.0.0.8,0,2.4851,2,196,98.0,0.0,0.0,normal
2026-05-17 15:20:39.500,10.0.0.6,10.0.0.12,0,2.9709,3,294,98.0,0.0,0.001563,normal
2026-05-17 15:20:39.500,10.0.0.2,10.0.0.25,1,3.0,3,294,98.0,0.0,0.001751,normal
2026-05-17 15:20:39.500,10.0.0.20,10.0.0.25,1,3.0,3,294,98.0,0.0,0.000596,normal
2026-05-17 15:20:40.506,10.0.0.5,10.0.0.25,1,3.0,3,294,98.0,0.0,0.000687,normal
2026-05-17 15:20:40.506,10.0.0.10,10.0.0.25,1,3.0,3,294,98.0,0.0,0.002225,normal
2026-05-17 15:20:40.506,10.0.0.11,10.0.0.17,0,2.8789,3,294,98.0,0.0,0.006766,normal
2026-05-17 15:20:40.506,10.0.0.15,10.0.0.25,1,3.0,3,294,98.0,0.0,0.001366,normal
2026-05-17 15:20:40.506,10.0.0.2,10.0.0.25,1,3.0,3,294,98.0,0.0,0.003791,normal
2026-05-17 15:20:40.506,10.0.0.20,10.0.0.25,1,3.0,3,294,98.0,0.0,0.002391,normal
2026-05-17 15:20:41.510,10.0.0.5,10.0.0.25,1,3.0,3,294,98.0,0.0,0.00075,normal
2026-05-17 15:20:41.510,10.0.0.10,10.0.0.25,1,3.0,3,294,98.0,0.0,0.004672,normal
2026-05-17 15:20:41.510,10.0.0.15,10.0.0.25,1,3.0,3,294,98.0,0.0,0.000994,normal
2026-05-17 15:20:41.510,10.0.0.3,10.0.0.8,0,2.6396,3,294,98.0,0.0,0.000245,normal
2026-05-17 15:20:41.510,10.0.0.6,10.0.0.12,0,2.9797,3,294,98.0,0.0,0.002207,normal
2026-05-17 15:20:41.510,10.0.0.2,10.0.0.25,1,3.0,3,294,98.0,0.0,0.004196,normal
2026-05-17 15:20:41.510,10.0.0.20,10.0.0.25,1,3.0,3,294,98.0,0.0,0.000579,normal
2026-05-17 15:20:42.516,10.0.0.5,10.0.0.25,1,3.0,3,294,98.0,0.0,0.001472,normal
2026-05-17 15:20:42.516,10.0.0.10,10.0.0.25,1,3.0,3,294,98.0,0.0,0.002163,normal
2026-05-17 15:20:42.516,10.0.0.11,10.0.0.17,0,2.9153,3,294,98.0,0.0,0.00015,normal
2026-05-17 15:20:42.516,10.0.0.15,10.0.0.25,1,3.0,3,294,98.0,0.0,0.006218,normal
2026-05-17 15:20:42.516,10.0.0.2,10.0.0.25,1,3.0,3,294,98.0,0.0,0.006412,normal
2026-05-17 15:20:42.516,10.0.0.20,10.0.0.25,1,3.0,3,294,98.0,0.0,0.00479,normal
2026-05-17 15:20:43.525,10.0.0.5,10.0.0.25,1,3.0,3,294,98.0,0.0,0.00831,normal
2026-05-17 15:20:43.525,10.0.0.10,10.0.0.25,1,3.0,3,294,98.0,0.0,0.004174,normal
2026-05-17 15:20:43.525,10.0.0.15,10.0.0.25,1,3.0,3,294,98.0,0.0,0.001796,normal
2026-05-17 15:20:43.525,10.0.0.3,10.0.0.8,0,2.7477,3,294,98.0,0.0,0.003169,normal
2026-05-17 15:20:43.525,10.0.0.6,10.0.0.12,0,2.9858,3,294,98.0,0.0,0.000562,normal
2026-05-17 15:20:43.525,10.0.0.2,10.0.0.25,1,3.0,3,294,98.0,0.0,0.002233,normal
2026-05-17 15:20:43.525,10.0.0.20,10.0.0.25,1,3.0,3,294,98.0,0.0,0.000438,normal
2026-05-17 15:20:44.532,10.0.0.5,10.0.0.25,1,3.0,3,294,98.0,0.0,0.001034,normal
2026-05-17 15:20:44.532,10.0.0.10,10.0.0.25,1,3.0,3,294,98.0,0.0,4.5e-05,normal
2026-05-17 15:20:44.532,10.0.0.11,10.0.0.17,0,2.9407,3,294,98.0,0.0,0.002965,normal
2026-05-17 15:20:44.532,10.0.0.15,10.0.0.25,1,3.0,3,294,98.0,0.0,0.001947,normal
2026-05-17 15:20:44.532,10.0.0.2,10.0.0.25,1,3.0,3,294,98.0,0.0,0.002413,normal
2026-05-17 15:20:44.532,10.0.0.20,10.0.0.25,1,3.0,3,294,98.0,0.0,0.001324,normal
2026-05-17 15:20:45.537,10.0.0.5,10.0.0.25,1,3.0,3,294,98.0,0.0,0.002187,normal
2026-05-17 15:20:45.537,10.0.0.10,10.0.0.25,1,3.0,3,294,98.0,0.0,0.000798,normal
2026-05-17 15:20:45.537,10.0.0.15,10.0.0.25,1,3.0,3,294,98.0,0.0,0.001595,normal
2026-05-17 15:20:45.537,10.0.0.3,10.0.0.8,0,2.8234,3,294,98.0,0.0,0.001285,normal
2026-05-17 15:20:45.537,10.0.0.6,10.0.0.12,0,2.99,3,294,98.0,0.0,0.001939,normal
2026-05-17 15:20:45.537,10.0.0.2,10.0.0.25,1,3.0,3,294,98.0,0.0,0.001153,normal
2026-05-17 15:20:45.537,10.0.0.20,10.0.0.25,1,3.0,3,294,98.0,0.0,0.006061,normal
2026-05-17 15:20:46.544,10.0.0.5,10.0.0.25,1,3.0,3,294,98.0,0.0,0.003209,normal
2026-05-17 15:20:46.544,10.0.0.10,10.0.0.25,1,3.0,3,294,98.0,0.0,0.000447,normal
2026-05-17 15:20:46.544,10.0.0.11,10.0.0.17,0,2.9585,3,294,98.0,0.0,0.000345,normal
2026-05-17 15:20:46.544,10.0.0.15,10.0.0.25,1,3.0,3,294,98.0,0.0,0.005575,normal
2026-05-17 15:20:46.544,10.0.0.2,10.0.0.25,1,3.0,3,294,98.0,0.0,0.008026,normal
2026-05-17 15:20:46.544,10.0.0.20,10.0.0.25,1,3.0,3,294,98.0,0.0,0.015674,normal
2026-05-17 15:20:47.556,10.0.0.5,10.0.0.25,1,3.0,3,294,98.0,0.0,0.002321,normal
2026-05-17 15:20:47.556,10.0.0.10,10.0.0.25,1,3.0,3,294,98.0,0.0,0.001265,normal
2026-05-17 15:20:47.556,10.0.0.15,10.0.0.25,1,3.0,3,294,98.0,0.0,0.000453,normal
2026-05-17 15:20:47.556,10.0.0.3,10.0.0.8,0,2.8764,3,294,98.0,0.0,0.000828,normal
2026-05-17 15:20:47.556,10.0.0.6,10.0.0.12,0,2.993,3,294,98.0,0.0,0.000818,normal
2026-05-17 15:20:47.556,10.0.0.2,10.0.0.25,1,3.0,3,294,98.0,0.0,0.013969,normal
2026-05-17 15:20:47.556,10.0.0.20,10.0.0.25,1,3.0,3,294,98.0,0.0,0.000466,normal
2026-05-17 15:20:48.603,10.0.0.5,10.0.0.25,1,2.7,2,196,98.0,0.0,0.0,normal
2026-05-17 15:20:48.603,10.0.0.10,10.0.0.25,1,3.0,3,294,98.0,0.0,0.005636,normal
2026-05-17 15:20:48.603,10.0.0.11,10.0.0.17,0,2.9709,3,294,98.0,0.0,0.0069,normal
2026-05-17 15:20:48.603,10.0.0.15,10.0.0.25,1,3.0,3,294,98.0,0.0,0.006858,normal
2026-05-17 15:20:48.603,10.0.0.2,10.0.0.25,1,3.0,3,294,98.0,0.0,0.008297,normal
2026-05-17 15:20:48.603,10.0.0.20,10.0.0.25,1,3.0,3,294,98.0,0.0,0.002576,normal
2026-05-17 15:20:49.606,10.0.0.5,10.0.0.25,1,2.79,3,294,98.0,0.0,0.000302,normal
2026-05-17 15:20:49.606,10.0.0.10,10.0.0.25,1,3.0,3,294,98.0,0.0,0.000777,normal
2026-05-17 15:20:49.606,10.0.0.15,10.0.0.25,1,3.0,3,294,98.0,0.0,0.004032,normal
2026-05-17 15:20:49.606,10.0.0.3,10.0.0.8,0,2.9135,3,294,98.0,0.0,0.009412,normal
2026-05-17 15:20:49.606,10.0.0.6,10.0.0.12,0,2.9951,3,294,98.0,0.0,0.000123,normal
2026-05-17 15:20:49.606,10.0.0.2,10.0.0.25,1,3.0,3,294,98.0,0.0,0.00318,normal
2026-05-17 15:20:49.606,10.0.0.20,10.0.0.25,1,3.0,3,294,98.0,0.0,0.0052,normal
2026-05-17 15:20:50.612,10.0.0.5,10.0.0.25,1,3.153,4,392,98.0,0.0,0.553898,normal
2026-05-17 15:20:50.612,10.0.0.10,10.0.0.25,1,3.0,3,294,98.0,0.0,0.0072,normal
2026-05-17 15:20:50.612,10.0.0.11,10.0.0.17,0,2.9797,3,294,98.0,0.0,0.001294,normal
2026-05-17 15:20:50.612,10.0.0.15,10.0.0.25,1,3.0,3,294,98.0,0.0,0.001288,normal
2026-05-17 15:20:50.612,10.0.0.2,10.0.0.25,1,3.0,3,294,98.0,0.0,0.001551,normal
2026-05-17 15:20:50.612,10.0.0.20,10.0.0.25,1,3.0,3,294,98.0,0.0,0.003771,normal
2026-05-17 15:20:51.626,10.0.0.5,10.0.0.25,1,3.1071,3,294,98.0,0.0,0.689376,normal
2026-05-17 15:20:51.626,10.0.0.10,10.0.0.25,1,3.0,3,294,98.0,0.0,0.003158,normal
2026-05-17 15:20:51.626,10.0.0.15,10.0.0.25,1,3.0,3,294,98.0,0.0,0.000505,normal
2026-05-17 15:20:51.626,10.0.0.3,10.0.0.8,0,2.9394,3,294,98.0,0.0,0.001033,normal
2026-05-17 15:20:51.626,10.0.0.6,10.0.0.12,0,2.6966,2,196,98.0,0.0,0.0,normal
2026-05-17 15:20:51.626,10.0.0.2,10.0.0.25,1,3.0,3,294,98.0,0.0,0.000425,normal
2026-05-17 15:20:51.626,10.0.0.20,10.0.0.25,1,3.0,3,294,98.0,0.0,0.001853,normal
2026-05-17 15:20:52.637,10.0.0.5,10.0.0.25,1,3.375,4,392,98.0,0.0,0.559277,normal
2026-05-17 15:20:52.637,10.0.0.10,10.0.0.25,1,3.0,3,294,98.0,0.0,0.000256,normal
2026-05-17 15:20:52.637,10.0.0.11,10.0.0.17,0,2.9858,3,294,98.0,0.0,0.002192,normal
2026-05-17 15:20:52.637,10.0.0.15,10.0.0.25,1,3.0,3,294,98.0,0.0,0.010018,normal
2026-05-17 15:20:52.637,10.0.0.6,10.0.0.12,0,2.1876,1,98,98.0,0.0,0.0,normal
2026-05-17 15:20:52.637,10.0.0.2,10.0.0.25,1,3.0,3,294,98.0,0.0,0.008559,normal
2026-05-17 15:20:52.637,10.0.0.20,10.0.0.25,1,3.0,3,294,98.0,0.0,0.001649,normal
2026-05-17 15:20:53.650,10.0.0.5,10.0.0.25,1,3.2625,3,294,98.0,0.0,0.012383,normal
2026-05-17 15:20:53.650,10.0.0.10,10.0.0.25,1,3.0,3,294,98.0,0.0,0.008195,normal
2026-05-17 15:20:53.650,10.0.0.15,10.0.0.25,1,3.0,3,294,98.0,0.0,0.00343,normal
2026-05-17 15:20:53.650,10.0.0.3,10.0.0.8,0,2.9576,3,294,98.0,0.0,0.010176,normal
2026-05-17 15:20:53.650,10.0.0.6,10.0.0.12,0,2.1313,2,196,98.0,0.0,0.0,normal
2026-05-17 15:20:53.650,10.0.0.2,10.0.0.25,1,3.0,3,294,98.0,0.0,0.002997,normal
2026-05-17 15:20:53.650,10.0.0.20,10.0.0.25,1,3.0,3,294,98.0,0.0,0.00076,normal
2026-05-17 15:20:54.667,10.0.0.5,10.0.0.25,1,3.1837,3,294,98.0,0.0,0.003282,normal
2026-05-17 15:20:54.667,10.0.0.10,10.0.0.25,1,3.0,3,294,98.0,0.0,0.004133,normal
2026-05-17 15:20:54.667,10.0.0.11,10.0.0.17,0,2.99,3,294,98.0,0.0,0.000375,normal
2026-05-17 15:20:54.667,10.0.0.15,10.0.0.25,1,3.0,3,294,98.0,0.0,0.012171,normal
2026-05-17 15:20:54.667,10.0.0.6,10.0.0.12,0,2.3919,3,294,98.0,0.0,0.000885,normal
2026-05-17 15:20:54.667,10.0.0.2,10.0.0.25,1,3.0,3,294,98.0,0.0,0.00292,normal
2026-05-17 15:20:54.667,10.0.0.20,10.0.0.25,1,3.0,3,294,98.0,0.0,0.002527,normal
2026-05-17 15:20:55.672,10.0.0.5,10.0.0.25,1,3.1286,3,294,98.0,0.0,0.000599,normal
2026-05-17 15:20:55.672,10.0.0.10,10.0.0.25,1,3.0,3,294,98.0,0.0,0.000587,normal
2026-05-17 15:20:55.672,10.0.0.15,10.0.0.25,1,3.0,3,294,98.0,0.0,0.006759,normal
2026-05-17 15:20:55.672,10.0.0.3,10.0.0.8,0,2.9703,3,294,98.0,0.0,0.00241,normal
2026-05-17 15:20:55.672,10.0.0.2,10.0.0.25,1,3.0,3,294,98.0,0.0,0.008611,normal
2026-05-17 15:20:55.672,10.0.0.20,10.0.0.25,1,3.0,3,294,98.0,0.0,0.004307,normal
2026-05-17 15:20:56.676,10.0.0.5,10.0.0.25,1,3.09,3,294,98.0,0.0,0.000287,normal
2026-05-17 15:20:56.676,10.0.0.10,10.0.0.25,1,3.0,3,294,98.0,0.0,0.002354,normal
2026-05-17 15:20:56.676,10.0.0.11,10.0.0.17,0,2.993,3,294,98.0,0.0,0.000216,normal
2026-05-17 15:20:56.676,10.0.0.15,10.0.0.25,1,3.0,3,294,98.0,0.0,0.000218,normal
2026-05-17 15:20:56.676,10.0.0.6,10.0.0.12,0,2.5743,3,294,98.0,0.0,0.00183,normal
2026-05-17 15:20:56.676,10.0.0.2,10.0.0.25,1,3.0,3,294,98.0,0.0,0.002862,normal
2026-05-17 15:20:56.676,10.0.0.20,10.0.0.25,1,3.0,3,294,98.0,0.0,0.001456,normal
2026-05-17 15:20:57.686,10.0.0.5,10.0.0.25,1,3.063,3,294,98.0,0.0,0.00695,normal
2026-05-17 15:20:57.686,10.0.0.10,10.0.0.25,1,3.0,3,294,98.0,0.0,0.007508,normal
2026-05-17 15:20:57.686,10.0.0.15,10.0.0.25,1,3.0,3,294,98.0,0.0,0.001181,normal
2026-05-17 15:20:57.686,10.0.0.3,10.0.0.8,0,2.9792,3,294,98.0,0.0,4.6e-05,normal
2026-05-17 15:20:57.686,10.0.0.2,10.0.0.25,1,3.0,3,294,98.0,0.0,0.007136,normal
2026-05-17 15:20:57.686,10.0.0.20,10.0.0.25,1,3.0,3,294,98.0,0.0,8.1e-05,normal
2026-05-17 15:20:58.694,10.0.0.5,10.0.0.25,1,3.0441,3,294,98.0,0.0,0.002126,normal
2026-05-17 15:20:58.694,10.0.0.10,10.0.0.25,1,3.0,3,294,98.0,0.0,0.003564,normal
2026-05-17 15:20:58.694,10.0.0.11,10.0.0.17,0,2.9951,3,294,98.0,0.0,0.001637,normal
2026-05-17 15:20:58.694,10.0.0.15,10.0.0.25,1,3.0,3,294,98.0,0.0,0.000644,normal
2026-05-17 15:20:58.694,10.0.0.6,10.0.0.12,0,2.702,3,294,98.0,0.0,0.001395,normal
2026-05-17 15:20:58.694,10.0.0.2,10.0.0.25,1,3.0,3,294,98.0,0.0,0.005901,normal
2026-05-17 15:20:58.694,10.0.0.20,10.0.0.25,1,3.0,3,294,98.0,0.0,0.000317,normal
2026-05-17 15:20:59.704,10.0.0.5,10.0.0.25,1,3.0309,3,294,98.0,0.0,0.000758,normal
2026-05-17 15:20:59.704,10.0.0.10,10.0.0.25,1,3.0,3,294,98.0,0.0,0.000217,normal
2026-05-17 15:20:59.704,10.0.0.15,10.0.0.25,1,3.0,3,294,98.0,0.0,0.004373,normal
2026-05-17 15:20:59.704,10.0.0.3,10.0.0.8,0,2.9855,3,294,98.0,0.0,0.000938,normal
2026-05-17 15:20:59.704,10.0.0.2,10.0.0.25,1,3.0,3,294,98.0,0.0,0.002438,normal
2026-05-17 15:20:59.704,10.0.0.20,10.0.0.25,1,3.0,3,294,98.0,0.0,0.001149,normal
2026-05-17 15:21:00.724,10.0.0.5,10.0.0.25,1,3.0216,3,294,98.0,0.0,0.000339,normal
2026-05-17 15:21:00.724,10.0.0.10,10.0.0.25,1,3.0,3,294,98.0,0.0,0.002244,normal
2026-05-17 15:21:00.724,10.0.0.11,10.0.0.17,0,2.9966,3,294,98.0,0.0,0.004497,normal
2026-05-17 15:21:00.724,10.0.0.15,10.0.0.25,1,3.0,3,294,98.0,0.0,0.003207,normal
2026-05-17 15:21:00.724,10.0.0.6,10.0.0.12,0,2.7914,3,294,98.0,0.0,0.000463,normal
2026-05-17 15:21:00.724,10.0.0.2,10.0.0.25,1,3.0,3,294,98.0,0.0,0.001274,normal
2026-05-17 15:21:00.724,10.0.0.20,10.0.0.25,1,3.0,3,294,98.0,0.0,0.000419,normal
2026-05-17 15:21:01.782,10.0.0.5,10.0.0.25,1,3.0151,3,294,98.0,0.0,0.000464,normal
2026-05-17 15:21:01.782,10.0.0.10,10.0.0.25,1,3.0,3,294,98.0,0.0,0.006012,normal
2026-05-17 15:21:01.782,10.0.0.15,10.0.0.25,1,3.0,3,294,98.0,0.0,0.000904,normal
2026-05-17 15:21:01.782,10.0.0.3,10.0.0.8,0,2.9898,3,294,98.0,0.0,0.000138,normal
2026-05-17 15:21:01.782,10.0.0.2,10.0.0.25,1,3.0,3,294,98.0,0.0,0.005197,normal
2026-05-17 15:21:01.782,10.0.0.20,10.0.0.25,1,3.0,3,294,98.0,0.0,0.001577,normal
2026-05-17 15:21:02.790,10.0.0.5,10.0.0.25,1,3.0106,3,294,98.0,0.0,0.000501,normal
2026-05-17 15:21:02.790,10.0.0.10,10.0.0.25,1,3.0,3,294,98.0,0.0,0.002161,normal
2026-05-17 15:21:02.790,10.0.0.11,10.0.0.17,0,2.9976,3,294,98.0,0.0,0.001974,normal
2026-05-17 15:21:02.790,10.0.0.15,10.0.0.25,1,3.0,3,294,98.0,0.0,0.000881,normal
2026-05-17 15:21:02.790,10.0.0.6,10.0.0.12,0,2.854,3,294,98.0,0.0,0.003846,normal
2026-05-17 15:21:02.790,10.0.0.2,10.0.0.25,1,3.0,3,294,98.0,0.0,0.002937,normal
2026-05-17 15:21:02.790,10.0.0.20,10.0.0.25,1,3.0,3,294,98.0,0.0,0.000266,normal
2026-05-17 15:21:03.795,10.0.0.5,10.0.0.25,1,3.0074,3,294,98.0,0.0,0.001407,normal
2026-05-17 15:21:03.795,10.0.0.10,10.0.0.25,1,3.0,3,294,98.0,0.0,0.0046,normal
2026-05-17 15:21:03.795,10.0.0.15,10.0.0.25,1,3.0,3,294,98.0,0.0,0.001472,normal
2026-05-17 15:21:03.795,10.0.0.3,10.0.0.8,0,2.9929,3,294,98.0,0.0,0.000925,normal
2026-05-17 15:21:03.795,10.0.0.2,10.0.0.25,1,3.0,3,294,98.0,0.0,0.003747,normal
2026-05-17 15:21:03.795,10.0.0.20,10.0.0.25,1,3.0,3,294,98.0,0.0,0.000238,normal
2026-05-17 15:21:04.826,10.0.0.5,10.0.0.25,1,3.0052,3,294,98.0,0.0,9.1e-05,normal
2026-05-17 15:21:04.826,10.0.0.10,10.0.0.25,1,3.0,3,294,98.0,0.0,0.00399,normal
2026-05-17 15:21:04.826,10.0.0.11,10.0.0.17,0,2.9983,3,294,98.0,0.0,0.005005,normal
2026-05-17 15:21:04.826,10.0.0.15,10.0.0.25,1,3.0,3,294,98.0,0.0,0.003347,normal
2026-05-17 15:21:04.826,10.0.0.6,10.0.0.12,0,2.8978,3,294,98.0,0.0,0.000166,normal
2026-05-17 15:21:04.826,10.0.0.2,10.0.0.25,1,3.0,3,294,98.0,0.0,0.005144,normal
2026-05-17 15:21:04.826,10.0.0.20,10.0.0.25,1,3.0,3,294,98.0,0.0,0.012576,normal
2026-05-17 15:21:05.830,10.0.0.5,10.0.0.25,1,3.0036,3,294,98.0,0.0,0.001081,normal
2026-05-17 15:21:05.830,10.0.0.10,10.0.0.25,1,3.0,3,294,98.0,0.0,0.001535,normal
2026-05-17 15:21:05.830,10.0.0.15,10.0.0.25,1,3.0,3,294,98.0,0.0,0.008863,normal
2026-05-17 15:21:05.830,10.0.0.3,10.0.0.8,0,2.995,3,294,98.0,0.0,0.001285,normal
2026-05-17 15:21:05.830,10.0.0.2,10.0.0.25,1,3.0,3,294,98.0,0.0,0.000431,normal
2026-05-17 15:21:05.830,10.0.0.20,10.0.0.25,1,3.0,3,294,98.0,0.0,0.006694,normal
2026-05-17 15:21:06.834,10.0.0.5,10.0.0.25,1,3.0025,3,294,98.0,0.0,2.3e-05,normal
2026-05-17 15:21:06.834,10.0.0.10,10.0.0.25,1,3.0,3,294,98.0,0.0,0.000401,normal
2026-05-17 15:21:06.834,10.0.0.11,10.0.0.17,0,2.9988,3,294,98.0,0.0,0.001054,normal
2026-05-17 15:21:06.834,10.0.0.15,10.0.0.25,1,3.0,3,294,98.0,0.0,0.018398,normal
2026-05-17 15:21:06.834,10.0.0.6,10.0.0.12,0,2.9285,3,294,98.0,0.0,0.000289,normal
2026-05-17 15:21:06.834,10.0.0.2,10.0.0.25,1,3.0,3,294,98.0,0.0,0.000592,normal
2026-05-17 15:21:06.834,10.0.0.20,10.0.0.25,1,3.0,3,294,98.0,0.0,0.016516,normal
2026-05-17 15:21:07.845,10.0.0.5,10.0.0.25,1,3.0018,3,294,98.0,0.0,0.000548,normal
2026-05-17 15:21:07.845,10.0.0.10,10.0.0.25,1,3.0,3,294,98.0,0.0,0.004387,normal
2026-05-17 15:21:07.845,10.0.0.15,10.0.0.25,1,3.0,3,294,98.0,0.0,0.001875,normal
2026-05-17 15:21:07.845,10.0.0.3,10.0.0.8,0,2.9965,3,294,98.0,0.0,0.000631,normal
2026-05-17 15:21:07.845,10.0.0.2,10.0.0.25,1,3.0,3,294,98.0,0.0,0.004738,normal
2026-05-17 15:21:07.845,10.0.0.20,10.0.0.25,1,3.0,3,294,98.0,0.0,0.000786,normal
2026-05-17 15:21:08.848,10.0.0.5,10.0.0.25,1,3.0012,3,294,98.0,0.0,0.000529,normal
2026-05-17 15:21:08.848,10.0.0.10,10.0.0.25,1,3.0,3,294,98.0,0.0,0.001192,normal
2026-05-17 15:21:08.848,10.0.0.11,10.0.0.17,0,2.9992,3,294,98.0,0.0,0.00028,normal
2026-05-17 15:21:08.848,10.0.0.15,10.0.0.25,1,3.0,3,294,98.0,0.0,0.001587,normal
2026-05-17 15:21:08.848,10.0.0.6,10.0.0.12,0,2.9499,3,294,98.0,0.0,0.001578,normal
2026-05-17 15:21:08.848,10.0.0.2,10.0.0.25,1,3.0,3,294,98.0,0.0,0.002847,normal
2026-05-17 15:21:08.848,10.0.0.20,10.0.0.25,1,3.0,3,294,98.0,0.0,0.000855,normal
2026-05-17 15:21:09.914,10.0.0.5,10.0.0.25,1,3.0009,3,294,98.0,0.0,0.001808,normal
2026-05-17 15:21:09.914,10.0.0.10,10.0.0.25,1,3.0,3,294,98.0,0.0,0.001471,normal
2026-05-17 15:21:09.914,10.0.0.15,10.0.0.25,1,3.0,3,294,98.0,0.0,0.002954,normal
2026-05-17 15:21:09.914,10.0.0.3,10.0.0.8,0,2.9976,3,294,98.0,0.0,0.000788,normal
2026-05-17 15:21:09.914,10.0.0.2,10.0.0.25,1,3.0,3,294,98.0,0.0,0.011974,normal
2026-05-17 15:21:09.914,10.0.0.20,10.0.0.25,1,3.0,3,294,98.0,0.0,0.001338,normal
2026-05-17 15:21:11.048,10.0.0.5,10.0.0.25,1,3.0006,3,294,98.0,0.0,0.000433,normal
2026-05-17 15:21:11.048,10.0.0.10,10.0.0.25,1,3.0,3,294,98.0,0.0,0.000217,normal
2026-05-17 15:21:11.048,10.0.0.11,10.0.0.17,0,2.9994,3,294,98.0,0.0,0.000178,normal
2026-05-17 15:21:11.048,10.0.0.15,10.0.0.25,1,3.0,3,294,98.0,0.0,0.002914,normal
2026-05-17 15:21:11.048,10.0.0.6,10.0.0.12,0,2.9649,3,294,98.0,0.0,0.00066,normal
2026-05-17 15:21:11.048,10.0.0.2,10.0.0.25,1,3.0,3,294,98.0,0.0,0.001259,normal
2026-05-17 15:21:11.048,10.0.0.20,10.0.0.25,1,3.0,3,294,98.0,0.0,0.000933,normal
2026-05-17 15:21:12.055,10.0.0.5,10.0.0.25,1,3.0004,3,294,98.0,0.0,0.000312,normal
2026-05-17 15:21:12.055,10.0.0.10,10.0.0.25,1,3.0,3,294,98.0,0.0,0.00546,normal
2026-05-17 15:21:12.055,10.0.0.15,10.0.0.25,1,3.0,3,294,98.0,0.0,0.001119,normal
2026-05-17 15:21:12.055,10.0.0.3,10.0.0.8,0,2.9983,3,294,98.0,0.0,0.001233,normal
2026-05-17 15:21:12.055,10.0.0.2,10.0.0.25,1,3.0,3,294,98.0,0.0,0.000246,normal
2026-05-17 15:21:12.055,10.0.0.20,10.0.0.25,1,3.0,3,294,98.0,0.0,0.000764,normal
2026-05-17 15:21:13.071,10.0.0.5,10.0.0.25,1,3.0003,3,294,98.0,0.0,0.000213,normal
2026-05-17 15:21:13.071,10.0.0.10,10.0.0.25,1,3.0,3,294,98.0,0.0,0.000858,normal
2026-05-17 15:21:13.071,10.0.0.11,10.0.0.17,0,2.9996,3,294,98.0,0.0,0.004691,normal
2026-05-17 15:21:13.071,10.0.0.15,10.0.0.25,1,3.0,3,294,98.0,0.0,0.00097,normal
2026-05-17 15:21:13.071,10.0.0.6,10.0.0.12,0,2.9755,3,294,98.0,0.0,0.000569,normal
2026-05-17 15:21:13.071,10.0.0.2,10.0.0.25,1,3.0,3,294,98.0,0.0,0.00428,normal
2026-05-17 15:21:13.071,10.0.0.20,10.0.0.25,1,3.0,3,294,98.0,0.0,0.001568,normal
2026-05-17 15:21:14.076,10.0.0.5,10.0.0.25,1,3.0002,3,294,98.0,0.0,0.005738,normal
2026-05-17 15:21:14.076,10.0.0.10,10.0.0.25,1,3.0,3,294,98.0,0.0,0.006458,normal
2026-05-17 15:21:14.076,10.0.0.15,10.0.0.25,1,3.0,3,294,98.0,0.0,0.018228,normal
2026-05-17 15:21:14.076,10.0.0.3,10.0.0.8,0,2.9988,3,294,98.0,0.0,0.001787,normal
2026-05-17 15:21:14.076,10.0.0.2,10.0.0.25,1,3.0,3,294,98.0,0.0,0.002461,normal
2026-05-17 15:21:14.076,10.0.0.20,10.0.0.25,1,3.0,3,294,98.0,0.0,0.017588,normal
2026-05-17 15:21:15.105,10.0.0.5,10.0.0.25,1,3.0001,3,294,98.0,0.0,1.7e-05,normal
2026-05-17 15:21:15.105,10.0.0.10,10.0.0.25,1,3.0,3,294,98.0,0.0,0.000536,normal
2026-05-17 15:21:15.105,10.0.0.11,10.0.0.17,0,2.9997,3,294,98.0,0.0,0.000945,normal
2026-05-17 15:21:15.105,10.0.0.15,10.0.0.25,1,3.0,3,294,98.0,0.0,0.00172,normal
2026-05-17 15:21:15.105,10.0.0.6,10.0.0.12,0,2.9828,3,294,98.0,0.0,0.000494,normal
2026-05-17 15:21:15.105,10.0.0.2,10.0.0.25,1,3.0,3,294,98.0,0.0,0.001991,normal
2026-05-17 15:21:15.105,10.0.0.20,10.0.0.25,1,3.0,3,294,98.0,0.0,0.00415,normal
2026-05-17 15:21:16.112,10.0.0.5,10.0.0.25,1,3.0001,3,294,98.0,0.0,0.000991,normal
2026-05-17 15:21:16.112,10.0.0.10,10.0.0.25,1,3.0,3,294,98.0,0.0,0.004135,normal
2026-05-17 15:21:16.112,10.0.0.15,10.0.0.25,1,3.0,3,294,98.0,0.0,0.003397,normal
2026-05-17 15:21:16.112,10.0.0.3,10.0.0.8,0,2.9992,3,294,98.0,0.0,0.00048,normal
2026-05-17 15:21:16.112,10.0.0.2,10.0.0.25,1,3.0,3,294,98.0,0.0,0.003325,normal
2026-05-17 15:21:16.112,10.0.0.20,10.0.0.25,1,3.0,3,294,98.0,0.0,0.012377,normal
2026-05-17 15:21:17.116,10.0.0.5,10.0.0.25,1,3.0001,3,294,98.0,0.0,0.00013,normal
2026-05-17 15:21:17.116,10.0.0.10,10.0.0.25,1,3.0,3,294,98.0,0.0,0.000763,normal
2026-05-17 15:21:17.116,10.0.0.11,10.0.0.17,0,2.9998,3,294,98.0,0.0,0.002299,normal
2026-05-17 15:21:17.116,10.0.0.15,10.0.0.25,1,3.0,3,294,98.0,0.0,0.005972,normal
2026-05-17 15:21:17.116,10.0.0.6,10.0.0.12,0,2.988,3,294,98.0,0.0,0.001865,normal
2026-05-17 15:21:17.116,10.0.0.2,10.0.0.25,1,3.0,3,294,98.0,0.0,0.003015,normal
2026-05-17 15:21:17.116,10.0.0.20,10.0.0.25,1,3.0,3,294,98.0,0.0,0.003437,normal
2026-05-17 15:21:18.123,10.0.0.5,10.0.0.25,1,3.0001,3,294,98.0,0.0,0.002068,normal
2026-05-17 15:21:18.123,10.0.0.10,10.0.0.25,1,3.0,3,294,98.0,0.0,0.001385,normal
2026-05-17 15:21:18.123,10.0.0.15,10.0.0.25,1,3.0,3,294,98.0,0.0,0.000424,normal
2026-05-17 15:21:18.123,10.0.0.3,10.0.0.8,0,2.9994,3,294,98.0,0.0,0.002597,normal
2026-05-17 15:21:18.123,10.0.0.2,10.0.0.25,1,3.0,3,294,98.0,0.0,0.023825,normal
2026-05-17 15:21:18.123,10.0.0.20,10.0.0.25,1,3.0,3,294,98.0,0.0,0.000343,normal
2026-05-17 15:21:19.141,10.0.0.5,10.0.0.25,1,3.0,3,294,98.0,0.0,0.000738,normal
2026-05-17 15:21:19.141,10.0.0.10,10.0.0.25,1,3.0,3,294,98.0,0.0,0.000785,normal
2026-05-17 15:21:19.141,10.0.0.11,10.0.0.17,0,2.9999,3,294,98.0,0.0,0.000701,normal
2026-05-17 15:21:19.141,10.0.0.15,10.0.0.25,1,3.0,3,294,98.0,0.0,0.005033,normal
2026-05-17 15:21:19.141,10.0.0.6,10.0.0.12,0,2.9916,3,294,98.0,0.0,0.000415,normal
2026-05-17 15:21:19.141,10.0.0.2,10.0.0.25,1,3.0,3,294,98.0,0.0,0.002669,normal
2026-05-17 15:21:19.141,10.0.0.20,10.0.0.25,1,3.0,3,294,98.0,0.0,0.004492,normal
2026-05-17 15:21:20.160,10.0.0.5,10.0.0.25,1,3.0,3,294,98.0,0.0,0.000593,normal
2026-05-17 15:21:20.160,10.0.0.10,10.0.0.25,1,3.0,3,294,98.0,0.0,6.7e-05,normal
2026-05-17 15:21:20.160,10.0.0.15,10.0.0.25,1,3.0,3,294,98.0,0.0,0.015321,normal
2026-05-17 15:21:20.160,10.0.0.3,10.0.0.8,0,2.9996,3,294,98.0,0.0,0.012465,normal
2026-05-17 15:21:20.160,10.0.0.2,10.0.0.25,1,3.0,3,294,98.0,0.0,0.00648,normal
2026-05-17 15:21:20.160,10.0.0.20,10.0.0.25,1,3.0,3,294,98.0,0.0,0.010393,normal
2026-05-17 15:21:21.169,10.0.0.5,10.0.0.25,1,3.0,3,294,98.0,0.0,0.005187,normal
2026-05-17 15:21:21.169,10.0.0.10,10.0.0.25,1,3.0,3,294,98.0,0.0,0.002919,normal
2026-05-17 15:21:21.169,10.0.0.11,10.0.0.17,0,2.9999,3,294,98.0,0.0,0.004072,normal
2026-05-17 15:21:21.169,10.0.0.15,10.0.0.25,1,3.0,3,294,98.0,0.0,0.007558,normal
2026-05-17 15:21:21.169,10.0.0.6,10.0.0.12,0,2.9941,3,294,98.0,0.0,0.000725,normal
2026-05-17 15:21:21.169,10.0.0.2,10.0.0.25,1,3.0,3,294,98.0,0.0,0.004648,normal
2026-05-17 15:21:21.169,10.0.0.20,10.0.0.25,1,3.0,3,294,98.0,0.0,0.010545,normal
2026-05-17 15:21:22.180,10.0.0.5,10.0.0.25,1,3.0,3,294,98.0,0.0,0.007755,normal
2026-05-17 15:21:22.180,10.0.0.10,10.0.0.25,1,3.0,3,294,98.0,0.0,0.0003,normal
2026-05-17 15:21:22.180,10.0.0.15,10.0.0.25,1,3.0,3,294,98.0,0.0,0.007829,normal
2026-05-17 15:21:22.180,10.0.0.3,10.0.0.8,0,2.9997,3,294,98.0,0.0,0.002037,normal
2026-05-17 15:21:22.180,10.0.0.2,10.0.0.25,1,3.0,3,294,98.0,0.0,0.00222,normal
2026-05-17 15:21:22.180,10.0.0.20,10.0.0.25,1,3.0,3,294,98.0,0.0,0.007843,normal
2026-05-17 15:21:23.216,10.0.0.5,10.0.0.25,1,3.0,3,294,98.0,0.0,0.003739,normal
2026-05-17 15:21:23.216,10.0.0.10,10.0.0.25,1,3.0,3,294,98.0,0.0,0.018709,normal
2026-05-17 15:21:23.216,10.0.0.11,10.0.0.17,0,2.3999,1,98,98.0,0.0,0.0,normal
2026-05-17 15:21:23.216,10.0.0.3,10.0.0.25,1,2.43,6,588,98.0,0.0,0.212641,normal
2026-05-17 15:21:23.216,10.0.0.15,10.0.0.25,1,2.7,2,196,98.0,0.0,0.0,normal
2026-05-17 15:21:23.216,10.0.0.6,10.0.0.12,0,2.9959,3,294,98.0,0.0,0.003947,normal
2026-05-17 15:21:23.216,10.0.0.2,10.0.0.25,1,3.0,3,294,98.0,0.0,0.001905,normal
2026-05-17 15:21:23.216,10.0.0.20,10.0.0.25,1,2.4,1,98,98.0,0.0,0.0,normal
2026-05-17 15:21:24.221,10.0.0.5,10.0.0.25,1,3.0,3,294,98.0,0.0,0.00074,normal
2026-05-17 15:21:24.221,10.0.0.10,10.0.0.25,1,3.0,3,294,98.0,0.0,0.00057,normal
2026-05-17 15:21:24.221,10.0.0.11,10.0.0.17,0,2.58,3,294,98.0,0.0,0.014787,normal
2026-05-17 15:21:24.221,10.0.0.3,10.0.0.25,1,3.501,6,588,98.0,0.0,0.214917,normal
2026-05-17 15:21:24.221,10.0.0.15,10.0.0.25,1,2.49,2,196,98.0,0.0,0.0,normal
2026-05-17 15:21:24.221,10.0.0.3,10.0.0.8,0,2.9998,3,294,98.0,0.0,0.003065,normal
2026-05-17 15:21:24.221,10.0.0.2,10.0.0.25,1,3.0,3,294,98.0,0.0,0.000921,normal
2026-05-17 15:21:24.221,10.0.0.20,10.0.0.25,1,2.28,2,196,98.0,0.0,0.0,normal
2026-05-17 15:21:25.235,10.0.0.5,10.0.0.25,1,3.0,3,294,98.0,0.0,0.000699,normal
2026-05-17 15:21:25.235,10.0.0.10,10.0.0.25,1,3.0,3,294,98.0,0.0,0.000898,normal
2026-05-17 15:21:25.235,10.0.0.3,10.0.0.25,1,4.2507,6,588,98.0,0.0,0.217241,normal
2026-05-17 15:21:25.235,10.0.0.15,10.0.0.25,1,2.643,3,294,98.0,0.0,0.000937,normal
2026-05-17 15:21:25.235,10.0.0.6,10.0.0.12,0,2.9971,3,294,98.0,0.0,0.009166,normal
2026-05-17 15:21:25.235,10.0.0.2,10.0.0.25,1,3.0,3,294,98.0,0.0,0.004846,normal
2026-05-17 15:21:25.235,10.0.0.20,10.0.0.25,1,2.496,3,294,98.0,0.0,0.002543,normal
2026-05-17 15:21:26.241,10.0.0.5,10.0.0.25,1,3.0,3,294,98.0,0.0,0.001427,normal
2026-05-17 15:21:26.241,10.0.0.10,10.0.0.25,1,3.0,3,294,98.0,0.0,0.000335,normal
2026-05-17 15:21:26.241,10.0.0.11,10.0.0.17,0,2.706,3,294,98.0,0.0,0.000744,normal
2026-05-17 15:21:26.241,10.0.0.3,10.0.0.25,1,4.7755,6,588,98.0,0.0,0.216282,normal
2026-05-17 15:21:26.241,10.0.0.15,10.0.0.25,1,2.7501,3,294,98.0,0.0,0.009309,normal
2026-05-17 15:21:26.241,10.0.0.3,10.0.0.8,0,2.9999,3,294,98.0,0.0,0.00108,normal
2026-05-17 15:21:26.241,10.0.0.2,10.0.0.25,1,3.0,3,294,98.0,0.0,2e-05,normal
2026-05-17 15:21:26.241,10.0.0.20,10.0.0.25,1,2.6472,3,294,98.0,0.0,0.003718,normal
2026-05-17 15:21:27.248,10.0.0.5,10.0.0.25,1,3.0,3,294,98.0,0.0,0.011303,normal
2026-05-17 15:21:27.248,10.0.0.10,10.0.0.25,1,3.0,3,294,98.0,0.0,0.011801,normal
2026-05-17 15:21:27.248,10.0.0.3,10.0.0.25,1,5.1428,6,588,98.0,0.0,0.222577,normal
2026-05-17 15:21:27.248,10.0.0.15,10.0.0.25,1,2.8251,3,294,98.0,0.0,0.002402,normal
2026-05-17 15:21:27.248,10.0.0.6,10.0.0.12,0,2.998,3,294,98.0,0.0,0.018679,normal
2026-05-17 15:21:27.248,10.0.0.2,10.0.0.25,1,3.0,3,294,98.0,0.0,0.000923,normal
2026-05-17 15:21:27.248,10.0.0.20,10.0.0.25,1,3.053,4,392,98.0,0.0,0.562706,normal
2026-05-17 15:21:28.259,10.0.0.5,10.0.0.25,1,3.0,3,294,98.0,0.0,0.00589,normal
2026-05-17 15:21:28.259,10.0.0.10,10.0.0.25,1,3.0,3,294,98.0,0.0,0.005114,normal
2026-05-17 15:21:28.259,10.0.0.11,10.0.0.17,0,2.7942,3,294,98.0,0.0,0.006279,normal
2026-05-17 15:21:28.259,10.0.0.3,10.0.0.25,1,5.4,6,588,98.0,0.0,0.217588,normal
2026-05-17 15:21:28.259,10.0.0.15,10.0.0.25,1,3.1775,4,392,98.0,0.0,0.517944,normal
2026-05-17 15:21:28.259,10.0.0.3,10.0.0.8,0,2.9999,3,294,98.0,0.0,0.000914,normal
2026-05-17 15:21:28.259,10.0.0.2,10.0.0.25,1,3.0,3,294,98.0,0.0,0.007135,normal
2026-05-17 15:21:28.259,10.0.0.20,10.0.0.25,1,3.3371,4,392,98.0,0.0,0.540385,normal
2026-05-17 15:21:29.276,10.0.0.5,10.0.0.25,1,3.0,3,294,98.0,0.0,0.002349,normal
2026-05-17 15:21:29.276,10.0.0.10,10.0.0.25,1,3.0,3,294,98.0,0.0,0.000671,normal
2026-05-17 15:21:29.276,10.0.0.3,10.0.0.25,1,5.58,6,588,98.0,0.0,0.22082,normal
2026-05-17 15:21:29.276,10.0.0.15,10.0.0.25,1,2.5243,1,98,98.0,0.0,0.0,normal
2026-05-17 15:21:29.276,10.0.0.6,10.0.0.12,0,2.9986,3,294,98.0,0.0,0.003901,normal
2026-05-17 15:21:29.276,10.0.0.2,10.0.0.25,1,3.0,3,294,98.0,0.0,0.001849,normal
2026-05-17 15:21:29.276,10.0.0.20,10.0.0.25,1,3.236,3,294,98.0,0.0,0.67477,normal
2026-05-17 15:21:29.276,10.0.0.6,10.0.0.25,1,2.43,6,588,98.0,0.0,0.208512,normal
2026-05-17 15:21:30.290,10.0.0.5,10.0.0.25,1,3.0,3,294,98.0,0.0,0.000312,normal
2026-05-17 15:21:30.290,10.0.0.10,10.0.0.25,1,3.0,3,294,98.0,0.0,0.001369,normal
2026-05-17 15:21:30.290,10.0.0.11,10.0.0.17,0,2.8559,3,294,98.0,0.0,0.00389,normal
2026-05-17 15:21:30.290,10.0.0.3,10.0.0.25,1,5.706,6,588,98.0,0.0,0.220928,normal
2026-05-17 15:21:30.290,10.0.0.15,10.0.0.25,1,3.267,5,490,98.0,0.0,0.478488,normal
2026-05-17 15:21:30.290,10.0.0.3,10.0.0.8,0,2.9999,3,294,98.0,0.0,0.001102,normal
2026-05-17 15:21:30.290,10.0.0.2,10.0.0.25,1,3.0,3,294,98.0,0.0,0.000748,normal
2026-05-17 15:21:30.290,10.0.0.20,10.0.0.25,1,3.4652,4,392,98.0,0.0,0.550483,normal
2026-05-17 15:21:30.290,10.0.0.6,10.0.0.25,1,3.501,6,588,98.0,0.0,0.222504,normal
2026-05-17 15:21:31.301,10.0.0.5,10.0.0.25,1,3.0,3,294,98.0,0.0,0.003907,normal
2026-05-17 15:21:31.301,10.0.0.10,10.0.0.25,1,3.0,3,294,98.0,0.0,0.000465,normal
2026-05-17 15:21:31.301,10.0.0.3,10.0.0.25,1,5.7942,6,588,98.0,0.0,0.202025,normal
2026-05-17 15:21:31.301,10.0.0.15,10.0.0.25,1,3.1869,3,294,98.0,0.0,0.677318,normal
2026-05-17 15:21:31.301,10.0.0.6,10.0.0.12,0,2.999,3,294,98.0,0.0,0.001355,normal
2026-05-17 15:21:31.301,10.0.0.2,10.0.0.25,1,3.0,3,294,98.0,0.0,0.00079,normal
2026-05-17 15:21:31.301,10.0.0.20,10.0.0.25,1,3.3256,3,294,98.0,0.0,7.6e-05,normal
2026-05-17 15:21:31.301,10.0.0.6,10.0.0.25,1,4.2507,6,588,98.0,0.0,0.217718,normal
2026-05-17 15:21:32.311,10.0.0.5,10.0.0.25,1,3.0,3,294,98.0,0.0,0.00036,normal
2026-05-17 15:21:32.311,10.0.0.10,10.0.0.25,1,3.0,3,294,98.0,0.0,0.000445,normal
2026-05-17 15:21:32.311,10.0.0.11,10.0.0.17,0,2.8991,3,294,98.0,0.0,0.018632,normal
2026-05-17 15:21:32.311,10.0.0.3,10.0.0.25,1,5.8559,6,588,98.0,0.0,0.215763,normal
2026-05-17 15:21:32.311,10.0.0.15,10.0.0.25,1,3.1308,3,294,98.0,0.0,0.665496,normal
2026-05-17 15:21:32.311,10.0.0.3,10.0.0.8,0,3.0,3,294,98.0,0.0,0.000531,normal
2026-05-17 15:21:32.311,10.0.0.2,10.0.0.25,1,3.0,3,294,98.0,0.0,0.001929,normal
2026-05-17 15:21:32.311,10.0.0.20,10.0.0.25,1,2.6279,1,98,98.0,0.0,0.0,normal
2026-05-17 15:21:32.311,10.0.0.6,10.0.0.25,1,4.7755,6,588,98.0,0.0,0.20753,normal
2026-05-17 15:21:33.339,10.0.0.5,10.0.0.25,1,3.0,3,294,98.0,0.0,0.000794,normal
2026-05-17 15:21:33.339,10.0.0.10,10.0.0.25,1,3.0,3,294,98.0,0.0,0.00085,normal
2026-05-17 15:21:33.339,10.0.0.3,10.0.0.25,1,5.8992,6,588,98.0,0.0,0.209912,normal
2026-05-17 15:21:33.339,10.0.0.15,10.0.0.25,1,3.3916,4,392,98.0,0.0,0.537968,normal
2026-05-17 15:21:33.339,10.0.0.6,10.0.0.12,0,2.9993,3,294,98.0,0.0,0.0012,normal
2026-05-17 15:21:33.339,10.0.0.2,10.0.0.25,1,3.0,3,294,98.0,0.0,0.002015,normal
2026-05-17 15:21:33.339,10.0.0.20,10.0.0.25,1,3.0396,4,392,98.0,0.0,0.532852,normal
2026-05-17 15:21:33.339,10.0.0.6,10.0.0.25,1,5.1428,6,588,98.0,0.0,0.213864,normal
2026-05-17 15:21:34.343,10.0.0.5,10.0.0.25,1,3.0,3,294,98.0,0.0,0.000305,normal
2026-05-17 15:21:34.343,10.0.0.10,10.0.0.25,1,3.0,3,294,98.0,0.0,0.004958,normal
2026-05-17 15:21:34.343,10.0.0.11,10.0.0.17,0,2.9294,3,294,98.0,0.0,0.003747,normal
2026-05-17 15:21:34.343,10.0.0.3,10.0.0.25,1,5.9294,6,588,98.0,0.0,0.218177,normal
2026-05-17 15:21:34.343,10.0.0.15,10.0.0.25,1,3.2741,3,294,98.0,0.0,0.003355,normal
2026-05-17 15:21:34.343,10.0.0.11,10.0.0.25,1,4.23,12,1176,98.0,0.0,0.08434,normal
2026-05-17 15:21:34.343,10.0.0.3,10.0.0.8,0,3.0,3,294,98.0,0.0,0.00264,normal
2026-05-17 15:21:34.343,10.0.0.2,10.0.0.25,1,3.0,3,294,98.0,0.0,0.000334,normal
2026-05-17 15:21:34.343,10.0.0.20,10.0.0.25,1,3.0277,3,294,98.0,0.0,0.002617,normal
2026-05-17 15:21:34.343,10.0.0.6,10.0.0.25,1,5.4,6,588,98.0,0.0,0.219306,normal
2026-05-17 15:21:35.357,10.0.0.5,10.0.0.25,1,3.0,3,294,98.0,0.0,0.010713,normal
2026-05-17 15:21:35.357,10.0.0.10,10.0.0.25,1,3.0,3,294,98.0,0.0,0.001129,normal
2026-05-17 15:21:35.357,10.0.0.3,10.0.0.25,1,5.9506,6,588,98.0,0.0,0.231172,normal
2026-05-17 15:21:35.357,10.0.0.15,10.0.0.25,1,3.1919,3,294,98.0,0.0,0.00111,normal
2026-05-17 15:21:35.357,10.0.0.11,10.0.0.25,1,7.461,15,1470,98.0,0.0,0.086117,normal
2026-05-17 15:21:35.357,10.0.0.6,10.0.0.12,0,2.9995,3,294,98.0,0.0,0.019212,normal
2026-05-17 15:21:35.357,10.0.0.2,10.0.0.25,1,3.0,3,294,98.0,0.0,0.000346,normal
2026-05-17 15:21:35.357,10.0.0.20,10.0.0.25,1,3.0194,3,294,98.0,0.0,0.000125,normal
2026-05-17 15:21:35.357,10.0.0.6,10.0.0.25,1,5.58,6,588,98.0,0.0,0.211878,normal
2026-05-17 15:21:36.363,10.0.0.5,10.0.0.25,1,3.0,3,294,98.0,0.0,0.002005,normal
2026-05-17 15:21:36.363,10.0.0.10,10.0.0.25,1,3.0,3,294,98.0,0.0,0.011622,normal
2026-05-17 15:21:36.363,10.0.0.11,10.0.0.17,0,2.9506,3,294,98.0,0.0,0.002082,normal
2026-05-17 15:21:36.363,10.0.0.3,10.0.0.25,1,5.9654,6,588,98.0,0.0,0.208701,normal
2026-05-17 15:21:36.363,10.0.0.15,10.0.0.25,1,3.1343,3,294,98.0,0.0,0.007846,normal
2026-05-17 15:21:36.363,10.0.0.11,10.0.0.25,1,9.7227,15,1470,98.0,0.0,0.082055,normal
2026-05-17 15:21:36.363,10.0.0.3,10.0.0.8,0,3.0,3,294,98.0,0.0,0.002838,normal
2026-05-17 15:21:36.363,10.0.0.2,10.0.0.25,1,3.0,3,294,98.0,0.0,0.002468,normal
2026-05-17 15:21:36.363,10.0.0.20,10.0.0.25,1,3.0136,3,294,98.0,0.0,0.006237,normal
2026-05-17 15:21:36.363,10.0.0.6,10.0.0.25,1,5.706,6,588,98.0,0.0,0.207874,normal
2026-05-17 15:21:37.401,10.0.0.5,10.0.0.25,1,3.0,3,294,98.0,0.0,0.0008,normal
2026-05-17 15:21:37.401,10.0.0.10,10.0.0.25,1,3.0,3,294,98.0,0.0,0.002944,normal
2026-05-17 15:21:37.401,10.0.0.3,10.0.0.25,1,5.9758,6,588,98.0,0.0,0.219367,normal
2026-05-17 15:21:37.401,10.0.0.15,10.0.0.25,1,3.094,3,294,98.0,0.0,0.001447,normal
2026-05-17 15:21:37.401,10.0.0.11,10.0.0.25,1,11.3059,15,1470,98.0,0.0,0.091091,normal
2026-05-17 15:21:37.401,10.0.0.6,10.0.0.12,0,2.9997,3,294,98.0,0.0,0.000704,normal
2026-05-17 15:21:37.401,10.0.0.2,10.0.0.25,1,3.0,3,294,98.0,0.0,3e-06,normal
2026-05-17 15:21:37.401,10.0.0.20,10.0.0.25,1,3.0095,3,294,98.0,0.0,0.001063,normal
2026-05-17 15:21:37.401,10.0.0.6,10.0.0.25,1,5.7942,6,588,98.0,0.0,0.226569,normal
2026-05-17 15:21:38.407,10.0.0.5,10.0.0.25,1,3.0,3,294,98.0,0.0,0.000294,normal
2026-05-17 15:21:38.407,10.0.0.10,10.0.0.25,1,3.0,3,294,98.0,0.0,0.009666,normal
2026-05-17 15:21:38.407,10.0.0.11,10.0.0.17,0,2.9654,3,294,98.0,0.0,0.004124,normal
2026-05-17 15:21:38.407,10.0.0.3,10.0.0.25,1,5.9831,6,588,98.0,0.0,0.198615,normal
2026-05-17 15:21:38.407,10.0.0.15,10.0.0.25,1,3.0658,3,294,98.0,0.0,0.005683,normal
2026-05-17 15:21:38.407,10.0.0.11,10.0.0.25,1,12.4141,15,1470,98.0,0.0,0.079223,normal
2026-05-17 15:21:38.407,10.0.0.3,10.0.0.8,0,3.0,3,294,98.0,0.0,0.013531,normal
2026-05-17 15:21:38.407,10.0.0.2,10.0.0.25,1,3.0,3,294,98.0,0.0,0.00989,normal
2026-05-17 15:21:38.407,10.0.0.20,10.0.0.25,1,3.0066,3,294,98.0,0.0,0.000457,normal
2026-05-17 15:21:38.407,10.0.0.6,10.0.0.25,1,5.8559,6,588,98.0,0.0,0.200219,normal
2026-05-17 15:21:39.441,10.0.0.5,10.0.0.25,1,3.0,3,294,98.0,0.0,0.002553,normal
2026-05-17 15:21:39.441,10.0.0.10,10.0.0.25,1,3.0,3,294,98.0,0.0,0.001491,normal
2026-05-17 15:21:39.441,10.0.0.3,10.0.0.25,1,5.9881,6,588,98.0,0.0,0.22088,normal
2026-05-17 15:21:39.441,10.0.0.15,10.0.0.25,1,3.0461,3,294,98.0,0.0,0.001292,normal
2026-05-17 15:21:39.441,10.0.0.12,10.0.0.25,1,2.43,6,588,98.0,0.0,0.076012,normal
2026-05-17 15:21:39.441,10.0.0.11,10.0.0.25,1,13.1899,15,1470,98.0,0.0,0.08519,normal
2026-05-17 15:21:39.441,10.0.0.6,10.0.0.12,0,2.9998,3,294,98.0,0.0,0.001346,normal
2026-05-17 15:21:39.441,10.0.0.2,10.0.0.25,1,3.0,3,294,98.0,0.0,0.011334,normal
2026-05-17 15:21:39.441,10.0.0.20,10.0.0.25,1,3.0047,3,294,98.0,0.0,0.003328,normal
2026-05-17 15:21:39.441,10.0.0.6,10.0.0.25,1,5.8992,6,588,98.0,0.0,0.211524,normal
2026-05-17 15:21:40.451,10.0.0.5,10.0.0.25,1,3.0,3,294,98.0,0.0,0.004316,normal
2026-05-17 15:21:40.451,10.0.0.10,10.0.0.25,1,3.0,3,294,98.0,0.0,0.004873,normal
2026-05-17 15:21:40.451,10.0.0.11,10.0.0.17,0,2.9758,3,294,98.0,0.0,0.004162,normal
2026-05-17 15:21:40.451,10.0.0.3,10.0.0.25,1,5.9917,6,588,98.0,0.0,0.214736,normal
2026-05-17 15:21:40.451,10.0.0.15,10.0.0.25,1,3.0322,3,294,98.0,0.0,0.007188,normal
2026-05-17 15:21:40.451,10.0.0.12,10.0.0.25,1,6.201,15,1470,98.0,0.0,0.082811,normal
2026-05-17 15:21:40.451,10.0.0.11,10.0.0.25,1,13.7329,15,1470,98.0,0.0,0.081431,normal
2026-05-17 15:21:40.451,10.0.0.3,10.0.0.8,0,3.0,3,294,98.0,0.0,0.001891,normal
2026-05-17 15:21:40.451,10.0.0.2,10.0.0.25,1,3.0,3,294,98.0,0.0,0.001112,normal
2026-05-17 15:21:40.451,10.0.0.20,10.0.0.25,1,3.0033,3,294,98.0,0.0,0.007965,normal
2026-05-17 15:21:40.451,10.0.0.6,10.0.0.25,1,5.9294,6,588,98.0,0.0,0.206229,normal
2026-05-17 15:21:41.469,10.0.0.5,10.0.0.25,1,3.0,3,294,98.0,0.0,0.00254,normal
2026-05-17 15:21:41.469,10.0.0.10,10.0.0.25,1,3.0,3,294,98.0,0.0,0.001557,normal
2026-05-17 15:21:41.469,10.0.0.3,10.0.0.25,1,5.9942,6,588,98.0,0.0,0.216438,normal
2026-05-17 15:21:41.469,10.0.0.15,10.0.0.25,1,3.0226,3,294,98.0,0.0,0.008628,normal
2026-05-17 15:21:41.469,10.0.0.12,10.0.0.25,1,8.5407,14,1372,98.0,0.0,0.087786,normal
2026-05-17 15:21:41.469,10.0.0.11,10.0.0.25,1,14.113,15,1470,98.0,0.0,0.088137,normal
2026-05-17 15:21:41.469,10.0.0.6,10.0.0.12,0,2.9998,3,294,98.0,0.0,0.003146,normal
2026-05-17 15:21:41.469,10.0.0.2,10.0.0.25,1,3.0,3,294,98.0,0.0,0.003992,normal
2026-05-17 15:21:41.469,10.0.0.20,10.0.0.25,1,3.0023,3,294,98.0,0.0,0.005205,normal
2026-05-17 15:21:41.469,10.0.0.6,10.0.0.25,1,5.9506,6,588,98.0,0.0,0.234522,normal
2026-05-17 15:21:42.485,10.0.0.5,10.0.0.25,1,3.0,3,294,98.0,0.0,0.004654,normal
2026-05-17 15:21:42.485,10.0.0.10,10.0.0.25,1,3.0,3,294,98.0,0.0,0.001583,normal
2026-05-17 15:21:42.485,10.0.0.11,10.0.0.17,0,2.983,3,294,98.0,0.0,0.001057,normal
2026-05-17 15:21:42.485,10.0.0.3,10.0.0.25,1,5.9959,6,588,98.0,0.0,0.207005,normal
2026-05-17 15:21:42.485,10.0.0.15,10.0.0.25,1,3.0158,3,294,98.0,0.0,0.001861,normal
2026-05-17 15:21:42.485,10.0.0.12,10.0.0.25,1,11.0785,17,1666,98.0,0.0,0.080992,normal
2026-05-17 15:21:42.485,10.0.0.11,10.0.0.25,1,14.3791,15,1470,98.0,0.0,0.082624,normal
2026-05-17 15:21:42.485,10.0.0.3,10.0.0.8,0,3.0,3,294,98.0,0.0,0.01423,normal
2026-05-17 15:21:42.485,10.0.0.2,10.0.0.25,1,3.0,3,294,98.0,0.0,0.005033,normal
2026-05-17 15:21:42.485,10.0.0.20,10.0.0.25,1,3.0016,3,294,98.0,0.0,0.001264,normal
2026-05-17 15:21:42.485,10.0.0.6,10.0.0.25,1,5.9654,6,588,98.0,0.0,0.217673,normal
2026-05-17 15:21:43.512,10.0.0.5,10.0.0.25,1,3.0,3,294,98.0,0.0,0.012268,normal
2026-05-17 15:21:43.512,10.0.0.10,10.0.0.25,1,3.0,3,294,98.0,0.0,0.003213,normal
2026-05-17 15:21:43.512,10.0.0.3,10.0.0.25,1,5.9972,6,588,98.0,0.0,0.215811,normal
2026-05-17 15:21:43.512,10.0.0.15,10.0.0.25,1,3.0111,3,294,98.0,0.0,0.004094,normal
2026-05-17 15:21:43.512,10.0.0.12,10.0.0.25,1,12.2549,15,1470,98.0,0.0,0.085054,normal
2026-05-17 15:21:43.512,10.0.0.11,10.0.0.25,1,14.5654,15,1470,98.0,0.0,0.081794,normal
2026-05-17 15:21:43.512,10.0.0.6,10.0.0.12,0,2.9999,3,294,98.0,0.0,0.0112,normal
2026-05-17 15:21:43.512,10.0.0.2,10.0.0.25,1,3.0,3,294,98.0,0.0,0.005328,normal
2026-05-17 15:21:43.512,10.0.0.20,10.0.0.25,1,3.0011,3,294,98.0,0.0,0.004437,normal
2026-05-17 15:21:43.512,10.0.0.6,10.0.0.25,1,5.9758,6,588,98.0,0.0,0.214432,normal
2026-05-17 15:21:44.522,10.0.0.5,10.0.0.25,1,3.0,3,294,98.0,0.0,0.009449,normal
2026-05-17 15:21:44.522,10.0.0.10,10.0.0.25,1,3.0,3,294,98.0,0.0,0.000512,normal
2026-05-17 15:21:44.522,10.0.0.11,10.0.0.17,0,2.9881,3,294,98.0,0.0,0.000203,normal
2026-05-17 15:21:44.522,10.0.0.3,10.0.0.25,1,5.998,6,588,98.0,0.0,0.205848,normal
2026-05-17 15:21:44.522,10.0.0.15,10.0.0.25,1,3.0077,3,294,98.0,0.0,0.000836,normal
2026-05-17 15:21:44.522,10.0.0.12,10.0.0.25,1,13.0785,15,1470,98.0,0.0,0.087268,normal
2026-05-17 15:21:44.522,10.0.0.11,10.0.0.25,1,14.6958,15,1470,98.0,0.0,0.078201,normal
2026-05-17 15:21:44.522,10.0.0.16,10.0.0.25,1,3.33,9,882,98.0,0.0,0.035953,normal
2026-05-17 15:21:44.522,10.0.0.3,10.0.0.8,0,3.0,3,294,98.0,0.0,0.000777,normal
2026-05-17 15:21:44.522,10.0.0.2,10.0.0.25,1,3.0,3,294,98.0,0.0,0.007954,normal
2026-05-17 15:21:44.522,10.0.0.20,10.0.0.25,1,3.0008,3,294,98.0,0.0,0.000458,normal
2026-05-17 15:21:44.522,10.0.0.6,10.0.0.25,1,5.9831,6,588,98.0,0.0,0.201833,normal
2026-05-17 15:21:45.533,10.0.0.5,10.0.0.25,1,3.0,3,294,98.0,0.0,0.006832,normal
2026-05-17 15:21:45.533,10.0.0.10,10.0.0.25,1,3.0,3,294,98.0,0.0,0.000569,normal
2026-05-17 15:21:45.533,10.0.0.3,10.0.0.25,1,5.9986,6,588,98.0,0.0,0.201273,normal
2026-05-17 15:21:45.533,10.0.0.15,10.0.0.25,1,3.0054,3,294,98.0,0.0,0.002335,normal
2026-05-17 15:21:45.533,10.0.0.12,10.0.0.25,1,13.3549,14,1372,98.0,0.0,0.091124,normal
2026-05-17 15:21:45.533,10.0.0.11,10.0.0.25,1,14.787,15,1470,98.0,0.0,0.086368,normal
2026-05-17 15:21:45.533,10.0.0.16,10.0.0.25,1,11.331,30,2940,98.0,0.0,0.038383,normal
2026-05-17 15:21:45.533,10.0.0.6,10.0.0.12,0,2.9999,3,294,98.0,0.0,0.006016,normal
2026-05-17 15:21:45.533,10.0.0.2,10.0.0.25,1,3.0,3,294,98.0,0.0,0.00207,normal
2026-05-17 15:21:45.533,10.0.0.20,10.0.0.25,1,3.0005,3,294,98.0,0.0,0.001054,normal
2026-05-17 15:21:45.533,10.0.0.6,10.0.0.25,1,5.9881,6,588,98.0,0.0,0.212468,normal
2026-05-17 15:21:46.551,10.0.0.5,10.0.0.25,1,3.0,3,294,98.0,0.0,0.001109,normal
2026-05-17 15:21:46.551,10.0.0.10,10.0.0.25,1,3.0,3,294,98.0,0.0,0.002807,normal
2026-05-17 15:21:46.551,10.0.0.11,10.0.0.17,0,2.9917,3,294,98.0,0.0,0.000972,normal
2026-05-17 15:21:46.551,10.0.0.3,10.0.0.25,1,5.999,6,588,98.0,0.0,0.212784,normal
2026-05-17 15:21:46.551,10.0.0.15,10.0.0.25,1,3.0038,3,294,98.0,0.0,0.000584,normal
2026-05-17 15:21:46.551,10.0.0.12,10.0.0.25,1,12.9484,12,1176,98.0,0.0,0.085618,normal
2026-05-17 15:21:46.551,10.0.0.11,10.0.0.25,1,14.8509,15,1470,98.0,0.0,0.083372,normal
2026-05-17 15:21:46.551,10.0.0.16,10.0.0.25,1,16.9317,30,2940,98.0,0.0,0.038874,normal
2026-05-17 15:21:46.551,10.0.0.3,10.0.0.8,0,3.0,3,294,98.0,0.0,0.00792,normal
2026-05-17 15:21:46.551,10.0.0.2,10.0.0.25,1,3.0,3,294,98.0,0.0,0.001428,normal
2026-05-17 15:21:46.551,10.0.0.20,10.0.0.25,1,3.0004,3,294,98.0,0.0,0.000787,normal
2026-05-17 15:21:46.551,10.0.0.6,10.0.0.25,1,5.9917,6,588,98.0,0.0,0.21865,normal
2026-05-17 15:21:47.564,10.0.0.5,10.0.0.25,1,3.0,3,294,98.0,0.0,0.001938,normal
2026-05-17 15:21:47.564,10.0.0.10,10.0.0.25,1,3.0,3,294,98.0,0.0,0.000273,normal
2026-05-17 15:21:47.564,10.0.0.3,10.0.0.25,1,5.9993,6,588,98.0,0.0,0.214161,normal
2026-05-17 15:21:47.564,10.0.0.15,10.0.0.25,1,3.0027,3,294,98.0,0.0,0.001222,normal
2026-05-17 15:21:47.564,10.0.0.12,10.0.0.25,1,13.5639,15,1470,98.0,0.0,0.08516,normal
2026-05-17 15:21:47.564,10.0.0.11,10.0.0.25,1,14.8957,15,1470,98.0,0.0,0.084661,normal
2026-05-17 15:21:47.564,10.0.0.16,10.0.0.25,1,19.9522,27,2646,98.0,0.0,0.041385,normal
2026-05-17 15:21:47.564,10.0.0.6,10.0.0.12,0,2.9999,3,294,98.0,0.0,0.001264,normal
2026-05-17 15:21:47.564,10.0.0.2,10.0.0.25,1,3.0,3,294,98.0,0.0,0.000887,normal
2026-05-17 15:21:47.564,10.0.0.20,10.0.0.25,1,3.0003,3,294,98.0,0.0,0.000173,normal
2026-05-17 15:21:47.564,10.0.0.6,10.0.0.25,1,5.9942,6,588,98.0,0.0,0.216902,normal
2026-05-17 15:21:48.592,10.0.0.5,10.0.0.25,1,3.0,3,294,98.0,0.0,0.009092,normal
2026-05-17 15:21:48.592,10.0.0.10,10.0.0.25,1,3.0,3,294,98.0,0.0,0.001855,normal
2026-05-17 15:21:48.592,10.0.0.11,10.0.0.17,0,2.9942,3,294,98.0,0.0,0.002276,normal
2026-05-17 15:21:48.592,10.0.0.3,10.0.0.25,1,6.2995,7,686,98.0,0.0,0.234546,normal
2026-05-17 15:21:48.592,10.0.0.15,10.0.0.25,1,3.0019,3,294,98.0,0.0,0.001692,normal
2026-05-17 15:21:48.592,10.0.0.12,10.0.0.25,1,14.5947,17,1666,98.0,0.0,0.077568,normal
2026-05-17 15:21:48.592,10.0.0.11,10.0.0.25,1,14.927,15,1470,98.0,0.0,0.080876,normal
2026-05-17 15:21:48.592,10.0.0.16,10.0.0.25,1,22.9665,30,2940,98.0,0.0,0.034765,normal
2026-05-17 15:21:48.592,10.0.0.3,10.0.0.8,0,3.0,3,294,98.0,0.0,0.006823,normal
2026-05-17 15:21:48.592,10.0.0.2,10.0.0.25,1,3.0,3,294,98.0,0.0,0.000617,normal
2026-05-17 15:21:48.592,10.0.0.20,10.0.0.25,1,3.0002,3,294,98.0,0.0,0.000381,normal
2026-05-17 15:21:48.592,10.0.0.6,10.0.0.25,1,5.9959,6,588,98.0,0.0,0.199715,normal
2026-05-17 15:21:49.600,10.0.0.5,10.0.0.25,1,3.0,3,294,98.0,0.0,0.015762,normal
2026-05-17 15:21:49.600,10.0.0.10,10.0.0.25,1,3.0,3,294,98.0,0.0,0.001426,normal
2026-05-17 15:21:49.600,10.0.0.3,10.0.0.25,1,6.2097,6,588,98.0,0.0,0.259721,normal
2026-05-17 15:21:49.600,10.0.0.15,10.0.0.25,1,3.0013,3,294,98.0,0.0,0.001972,normal
2026-05-17 15:21:49.600,10.0.0.12,10.0.0.25,1,14.1163,13,1274,98.0,0.0,0.087864,normal
2026-05-17 15:21:49.600,10.0.0.11,10.0.0.25,1,14.9489,15,1470,98.0,0.0,0.078074,normal
2026-05-17 15:21:49.600,10.0.0.16,10.0.0.25,1,25.0766,30,2940,98.0,0.0,0.036257,normal
2026-05-17 15:21:49.600,10.0.0.6,10.0.0.12,0,3.0,3,294,98.0,0.0,0.028268,normal
2026-05-17 15:21:49.600,10.0.0.2,10.0.0.25,1,3.0,3,294,98.0,0.0,0.002524,normal
2026-05-17 15:21:49.600,10.0.0.20,10.0.0.25,1,3.0001,3,294,98.0,0.0,0.001769,normal
2026-05-17 15:21:49.600,10.0.0.6,10.0.0.25,1,5.9972,6,588,98.0,0.0,0.189267,normal
2026-05-17 15:21:49.600,10.0.0.17,10.0.0.25,1,4.23,12,1176,98.0,0.0,0.03904,normal
2026-05-17 15:21:50.618,10.0.0.5,10.0.0.25,1,3.0,3,294,98.0,0.0,0.000824,normal
2026-05-17 15:21:50.618,10.0.0.10,10.0.0.25,1,3.0,3,294,98.0,0.0,0.003717,normal
2026-05-17 15:21:50.618,10.0.0.11,10.0.0.17,0,2.9959,3,294,98.0,0.0,0.001692,normal
2026-05-17 15:21:50.618,10.0.0.3,10.0.0.25,1,6.7468,8,784,98.0,0.0,0.228156,normal
2026-05-17 15:21:50.618,10.0.0.15,10.0.0.25,1,3.0009,3,294,98.0,0.0,0.003192,normal
2026-05-17 15:21:50.618,10.0.0.12,10.0.0.25,1,14.9814,17,1666,98.0,0.0,0.084565,normal
2026-05-17 15:21:50.618,10.0.0.11,10.0.0.25,1,14.9642,15,1470,98.0,0.0,0.083581,normal
2026-05-17 15:21:50.618,10.0.0.16,10.0.0.25,1,26.5536,30,2940,98.0,0.0,0.037356,normal
2026-05-17 15:21:50.618,10.0.0.3,10.0.0.8,0,3.0,3,294,98.0,0.0,0.000419,normal
2026-05-17 15:21:50.618,10.0.0.2,10.0.0.25,1,3.0,3,294,98.0,0.0,0.000547,normal
2026-05-17 15:21:50.618,10.0.0.20,10.0.0.25,1,3.0001,3,294,98.0,0.0,0.000911,normal
2026-05-17 15:21:50.618,10.0.0.6,10.0.0.25,1,5.998,6,588,98.0,0.0,0.211342,normal
2026-05-17 15:21:50.618,10.0.0.17,10.0.0.25,1,11.961,30,2940,98.0,0.0,0.038921,normal
2026-05-17 15:21:51.629,10.0.0.5,10.0.0.25,1,3.0,3,294,98.0,0.0,0.004448,normal
2026-05-17 15:21:51.629,10.0.0.10,10.0.0.25,1,3.0,3,294,98.0,0.0,0.001371,normal
2026-05-17 15:21:51.629,10.0.0.3,10.0.0.25,1,6.5227,6,588,98.0,0.0,0.214041,normal
2026-05-17 15:21:51.629,10.0.0.15,10.0.0.25,1,3.0006,3,294,98.0,0.0,0.00987,normal
2026-05-17 15:21:51.629,10.0.0.12,10.0.0.25,1,14.387,13,1274,98.0,0.0,0.077659,normal
2026-05-17 15:21:51.629,10.0.0.11,10.0.0.25,1,14.9749,15,1470,98.0,0.0,0.075372,normal
2026-05-17 15:21:51.629,10.0.0.16,10.0.0.25,1,27.5875,30,2940,98.0,0.0,0.032006,normal
2026-05-17 15:21:51.629,10.0.0.6,10.0.0.12,0,3.0,3,294,98.0,0.0,0.003643,normal
2026-05-17 15:21:51.629,10.0.0.2,10.0.0.25,1,3.0,3,294,98.0,0.0,2.1e-05,normal
2026-05-17 15:21:51.629,10.0.0.20,10.0.0.25,1,3.0001,3,294,98.0,0.0,0.013521,normal
2026-05-17 15:21:51.629,10.0.0.6,10.0.0.25,1,5.9986,6,588,98.0,0.0,0.196433,normal
2026-05-17 15:21:51.629,10.0.0.17,10.0.0.25,1,17.3727,30,2940,98.0,0.0,0.030356,normal
2026-05-17 15:21:52.653,10.0.0.5,10.0.0.25,1,3.0,3,294,98.0,0.0,0.005408,normal
2026-05-17 15:21:52.653,10.0.0.10,10.0.0.25,1,3.0,3,294,98.0,0.0,0.000745,normal
2026-05-17 15:21:52.653,10.0.0.11,10.0.0.17,0,2.9972,3,294,98.0,0.0,0.003225,normal
2026-05-17 15:21:52.653,10.0.0.3,10.0.0.25,1,6.3659,6,588,98.0,0.0,0.206536,normal
2026-05-17 15:21:52.653,10.0.0.15,10.0.0.25,1,3.0004,3,294,98.0,0.0,0.002891,normal
2026-05-17 15:21:52.653,10.0.0.12,10.0.0.25,1,15.1709,17,1666,98.0,0.0,0.076951,normal
2026-05-17 15:21:52.653,10.0.0.11,10.0.0.25,1,14.9825,15,1470,98.0,0.0,0.077597,normal
2026-05-17 15:21:52.653,10.0.0.16,10.0.0.25,1,28.3113,30,2940,98.0,0.0,0.032285,normal
2026-05-17 15:21:52.653,10.0.0.3,10.0.0.8,0,3.0,3,294,98.0,0.0,0.005868,normal
2026-05-17 15:21:52.653,10.0.0.2,10.0.0.25,1,3.0,3,294,98.0,0.0,0.003287,normal
2026-05-17 15:21:52.653,10.0.0.20,10.0.0.25,1,3.0,3,294,98.0,0.0,0.000175,normal
2026-05-17 15:21:52.653,10.0.0.6,10.0.0.25,1,5.999,6,588,98.0,0.0,0.204062,normal
2026-05-17 15:21:52.653,10.0.0.17,10.0.0.25,1,21.1609,30,2940,98.0,0.0,0.029094,normal
2026-05-17 15:21:53.668,10.0.0.5,10.0.0.25,1,3.0,3,294,98.0,0.0,0.003244,normal
2026-05-17 15:21:53.668,10.0.0.10,10.0.0.25,1,3.0,3,294,98.0,0.0,0.009527,normal
2026-05-17 15:21:53.668,10.0.0.3,10.0.0.25,1,6.2561,6,588,98.0,0.0,0.212341,normal
2026-05-17 15:21:53.668,10.0.0.15,10.0.0.25,1,3.0003,3,294,98.0,0.0,0.0155,normal
2026-05-17 15:21:53.668,10.0.0.12,10.0.0.25,1,15.1196,15,1470,98.0,0.0,0.078074,normal
2026-05-17 15:21:53.668,10.0.0.11,10.0.0.25,1,14.9877,15,1470,98.0,0.0,0.075519,normal
2026-05-17 15:21:53.668,10.0.0.16,10.0.0.25,1,28.8179,30,2940,98.0,0.0,0.033939,normal
2026-05-17 15:21:53.668,10.0.0.6,10.0.0.12,0,3.0,3,294,98.0,0.0,0.004946,normal
2026-05-17 15:21:53.668,10.0.0.2,10.0.0.25,1,3.0,3,294,98.0,0.0,0.013781,normal
2026-05-17 15:21:53.668,10.0.0.20,10.0.0.25,1,3.0,3,294,98.0,0.0,0.012451,normal
2026-05-17 15:21:53.668,10.0.0.6,10.0.0.25,1,5.9993,6,588,98.0,0.0,0.198593,normal
2026-05-17 15:21:53.668,10.0.0.17,10.0.0.25,1,23.8126,30,2940,98.0,0.0,0.029273,normal
2026-05-17 15:21:54.678,10.0.0.5,10.0.0.25,1,3.0,3,294,98.0,0.0,0.003914,normal
2026-05-17 15:21:54.678,10.0.0.10,10.0.0.25,1,3.0,3,294,98.0,0.0,0.000646,normal
2026-05-17 15:21:54.678,10.0.0.11,10.0.0.17,0,2.998,3,294,98.0,0.0,0.000537,normal
2026-05-17 15:21:54.678,10.0.0.3,10.0.0.25,1,6.1793,6,588,98.0,0.0,0.219416,normal
2026-05-17 15:21:54.678,10.0.0.15,10.0.0.25,1,3.0002,3,294,98.0,0.0,0.001495,normal
2026-05-17 15:21:54.678,10.0.0.12,10.0.0.25,1,15.0837,15,1470,98.0,0.0,0.084075,normal
2026-05-17 15:21:54.678,10.0.0.11,10.0.0.25,1,15.2914,16,1568,98.0,0.0,0.08546,normal
2026-05-17 15:21:54.678,10.0.0.16,10.0.0.25,1,29.1725,30,2940,98.0,0.0,0.040603,normal
2026-05-17 15:21:54.678,10.0.0.3,10.0.0.8,0,3.0,3,294,98.0,0.0,0.003701,normal
2026-05-17 15:21:54.678,10.0.0.2,10.0.0.25,1,3.0,3,294,98.0,0.0,0.003077,normal
2026-05-17 15:21:54.678,10.0.0.20,10.0.0.25,1,3.0,3,294,98.0,0.0,0.001413,normal
2026-05-17 15:21:54.678,10.0.0.6,10.0.0.25,1,5.9995,6,588,98.0,0.0,0.213247,normal
2026-05-17 15:21:54.678,10.0.0.17,10.0.0.25,1,25.6688,30,2940,98.0,0.0,0.0386,normal
2026-05-17 15:21:55.687,10.0.0.5,10.0.0.25,1,3.0,3,294,98.0,0.0,6e-06,normal
2026-05-17 15:21:55.687,10.0.0.10,10.0.0.25,1,3.0,3,294,98.0,0.0,0.001257,normal
2026-05-17 15:21:55.687,10.0.0.3,10.0.0.25,1,6.1255,6,588,98.0,0.0,0.211047,normal
2026-05-17 15:21:55.687,10.0.0.15,10.0.0.25,1,3.0002,3,294,98.0,0.0,0.002701,normal
2026-05-17 15:21:55.687,10.0.0.12,10.0.0.25,1,15.0586,15,1470,98.0,0.0,0.081183,normal
2026-05-17 15:21:55.687,10.0.0.11,10.0.0.25,1,14.904,14,1372,98.0,0.0,0.084351,normal
2026-05-17 15:21:55.687,10.0.0.16,10.0.0.25,1,29.4208,30,2940,98.0,0.0,0.035737,normal
2026-05-17 15:21:55.687,10.0.0.6,10.0.0.12,0,3.0,3,294,98.0,0.0,0.006283,normal
2026-05-17 15:21:55.687,10.0.0.2,10.0.0.25,1,3.0,3,294,98.0,0.0,0.004151,normal
2026-05-17 15:21:55.687,10.0.0.20,10.0.0.25,1,3.0,3,294,98.0,0.0,0.001386,normal
2026-05-17 15:21:55.687,10.0.0.6,10.0.0.25,1,5.9997,6,588,98.0,0.0,0.219752,normal
2026-05-17 15:21:55.687,10.0.0.17,10.0.0.25,1,26.3682,28,2744,98.0,0.0,0.038188,normal
2026-05-17 15:21:56.699,10.0.0.5,10.0.0.25,1,3.0,3,294,98.0,0.0,0.005481,normal
2026-05-17 15:21:56.699,10.0.0.10,10.0.0.25,1,3.0,3,294,98.0,0.0,0.008147,normal
2026-05-17 15:21:56.699,10.0.0.11,10.0.0.17,0,2.9986,3,294,98.0,0.0,0.007385,normal
2026-05-17 15:21:56.699,10.0.0.3,10.0.0.25,1,6.0879,6,588,98.0,0.0,0.203352,normal
2026-05-17 15:21:56.699,10.0.0.15,10.0.0.25,1,3.0001,3,294,98.0,0.0,0.002229,normal
2026-05-17 15:21:56.699,10.0.0.12,10.0.0.25,1,15.041,15,1470,98.0,0.0,0.075649,normal
2026-05-17 15:21:56.699,10.0.0.11,10.0.0.25,1,14.9328,15,1470,98.0,0.0,0.075149,normal
2026-05-17 15:21:56.699,10.0.0.16,10.0.0.25,1,29.5945,30,2940,98.0,0.0,0.028786,normal
2026-05-17 15:21:56.699,10.0.0.3,10.0.0.8,0,3.0,3,294,98.0,0.0,0.004793,normal
2026-05-17 15:21:56.699,10.0.0.2,10.0.0.25,1,3.0,3,294,98.0,0.0,0.002121,normal
2026-05-17 15:21:56.699,10.0.0.20,10.0.0.25,1,3.0,3,294,98.0,0.0,0.001883,normal
2026-05-17 15:21:56.699,10.0.0.6,10.0.0.25,1,5.9998,6,588,98.0,0.0,0.199552,normal
2026-05-17 15:21:56.699,10.0.0.17,10.0.0.25,1,27.1577,29,2842,98.0,0.0,0.030392,normal
2026-05-17 15:21:57.711,10.0.0.5,10.0.0.25,1,3.0,3,294,98.0,0.0,0.003759,normal
2026-05-17 15:21:57.711,10.0.0.10,10.0.0.25,1,3.0,3,294,98.0,0.0,0.006336,normal
2026-05-17 15:21:57.711,10.0.0.3,10.0.0.25,1,6.0615,6,588,98.0,0.0,0.210652,normal
2026-05-17 15:21:57.711,10.0.0.15,10.0.0.25,1,3.0001,3,294,98.0,0.0,0.000137,normal
2026-05-17 15:21:57.711,10.0.0.12,10.0.0.25,1,15.0287,15,1470,98.0,0.0,0.081733,normal
2026-05-17 15:21:57.711,10.0.0.11,10.0.0.25,1,14.953,15,1470,98.0,0.0,0.076515,normal
2026-05-17 15:21:57.711,10.0.0.16,10.0.0.25,1,29.4162,29,2842,98.0,0.0,0.034996,normal
2026-05-17 15:21:57.711,10.0.0.6,10.0.0.12,0,3.0,3,294,98.0,0.0,0.00169,normal
2026-05-17 15:21:57.711,10.0.0.2,10.0.0.25,1,3.0,3,294,98.0,0.0,0.001337,normal
2026-05-17 15:21:57.711,10.0.0.20,10.0.0.25,1,3.0,3,294,98.0,0.0,5.1e-05,normal
2026-05-17 15:21:57.711,10.0.0.6,10.0.0.25,1,5.9998,6,588,98.0,0.0,0.206478,normal
2026-05-17 15:21:57.711,10.0.0.17,10.0.0.25,1,28.0104,30,2940,98.0,0.0,0.031615,normal
2026-05-17 15:21:58.751,10.0.0.5,10.0.0.25,1,3.0,3,294,98.0,0.0,0.013864,normal
2026-05-17 15:21:58.751,10.0.0.10,10.0.0.25,1,3.0,3,294,98.0,0.0,0.007084,normal
2026-05-17 15:21:58.751,10.0.0.11,10.0.0.17,0,2.999,3,294,98.0,0.0,0.006033,normal
2026-05-17 15:21:58.751,10.0.0.3,10.0.0.25,1,6.043,6,588,98.0,0.0,0.216462,normal
2026-05-17 15:21:58.751,10.0.0.15,10.0.0.25,1,3.0001,3,294,98.0,0.0,0.003302,normal
2026-05-17 15:21:58.751,10.0.0.12,10.0.0.25,1,15.0201,15,1470,98.0,0.0,0.081583,normal
2026-05-17 15:21:58.751,10.0.0.11,10.0.0.25,1,14.9671,15,1470,98.0,0.0,0.080483,normal
2026-05-17 15:21:58.751,10.0.0.16,10.0.0.25,1,28.9913,28,2744,98.0,0.0,0.03407,normal
2026-05-17 15:21:58.751,10.0.0.3,10.0.0.8,0,2.7,2,196,98.0,0.0,0.0,normal
2026-05-17 15:21:58.751,10.0.0.2,10.0.0.25,1,3.0,3,294,98.0,0.0,0.003814,normal
2026-05-17 15:21:58.751,10.0.0.20,10.0.0.25,1,3.0,3,294,98.0,0.0,0.001947,normal
2026-05-17 15:21:58.751,10.0.0.6,10.0.0.25,1,5.9999,6,588,98.0,0.0,0.207708,normal
2026-05-17 15:21:58.751,10.0.0.17,10.0.0.25,1,28.3073,29,2842,98.0,0.0,0.036046,normal
2026-05-17 15:21:59.765,10.0.0.5,10.0.0.25,1,3.0,3,294,98.0,0.0,0.000365,normal
2026-05-17 15:21:59.765,10.0.0.10,10.0.0.25,1,3.0,3,294,98.0,0.0,0.006709,normal
2026-05-17 15:21:59.765,10.0.0.3,10.0.0.25,1,6.0301,6,588,98.0,0.0,0.213277,normal
2026-05-17 15:21:59.765,10.0.0.15,10.0.0.25,1,3.0,3,294,98.0,0.0,0.002481,normal
2026-05-17 15:21:59.765,10.0.0.12,10.0.0.25,1,15.0141,15,1470,98.0,0.0,0.082144,normal
2026-05-17 15:21:59.765,10.0.0.11,10.0.0.25,1,15.5769,17,1666,98.0,0.0,0.083434,normal
2026-05-17 15:21:59.765,10.0.0.16,10.0.0.25,1,28.9939,29,2842,98.0,0.0,0.039748,normal
2026-05-17 15:21:59.765,10.0.0.3,10.0.0.8,0,2.79,3,294,98.0,0.0,0.002966,normal
2026-05-17 15:21:59.765,10.0.0.6,10.0.0.12,0,3.0,3,294,98.0,0.0,0.001011,normal
2026-05-17 15:21:59.765,10.0.0.2,10.0.0.25,1,3.0,3,294,98.0,0.0,0.001755,normal
2026-05-17 15:21:59.765,10.0.0.20,10.0.0.25,1,3.0,3,294,98.0,0.0,0.004717,normal
2026-05-17 15:21:59.765,10.0.0.6,10.0.0.25,1,5.9999,6,588,98.0,0.0,0.206812,normal
2026-05-17 15:21:59.765,10.0.0.17,10.0.0.25,1,28.8151,30,2940,98.0,0.0,0.033114,normal
2026-05-17 15:22:00.781,10.0.0.5,10.0.0.25,1,3.0,3,294,98.0,0.0,2.1e-05,normal
2026-05-17 15:22:00.781,10.0.0.10,10.0.0.25,1,3.0,3,294,98.0,0.0,0.000651,normal
2026-05-17 15:22:00.781,10.0.0.11,10.0.0.17,0,2.9993,3,294,98.0,0.0,0.011718,normal
2026-05-17 15:22:00.781,10.0.0.3,10.0.0.25,1,6.0211,6,588,98.0,0.0,0.22151,normal
2026-05-17 15:22:00.781,10.0.0.15,10.0.0.25,1,3.0,3,294,98.0,0.0,0.003047,normal
2026-05-17 15:22:00.781,10.0.0.12,10.0.0.25,1,14.1099,12,1176,98.0,0.0,0.095947,normal
2026-05-17 15:22:00.781,10.0.0.11,10.0.0.25,1,15.1039,14,1372,98.0,0.0,0.085013,normal
2026-05-17 15:22:00.781,10.0.0.16,10.0.0.25,1,28.6957,28,2744,98.0,0.0,0.040951,normal
2026-05-17 15:22:00.781,10.0.0.2,10.0.0.25,1,2.7,2,196,98.0,0.0,0.0,normal
2026-05-17 15:22:00.781,10.0.0.20,10.0.0.25,1,3.0,3,294,98.0,0.0,0.002614,normal
2026-05-17 15:22:00.781,10.0.0.6,10.0.0.25,1,5.9999,6,588,98.0,0.0,0.220252,normal
2026-05-17 15:22:00.781,10.0.0.17,10.0.0.25,1,28.8706,29,2842,98.0,0.0,0.042848,normal
2026-05-17 15:22:01.803,10.0.0.5,10.0.0.25,1,3.0,3,294,98.0,0.0,0.001518,normal
2026-05-17 15:22:01.803,10.0.0.10,10.0.0.25,1,3.0,3,294,98.0,0.0,0.003129,normal
2026-05-17 15:22:01.803,10.0.0.3,10.0.0.25,1,6.0148,6,588,98.0,0.0,0.208381,normal
2026-05-17 15:22:01.803,10.0.0.15,10.0.0.25,1,3.0,3,294,98.0,0.0,0.001791,normal
2026-05-17 15:22:01.803,10.0.0.12,10.0.0.25,1,14.9769,17,1666,98.0,0.0,0.077515,normal
2026-05-17 15:22:01.803,10.0.0.11,10.0.0.25,1,15.3727,16,1568,98.0,0.0,0.077636,normal
2026-05-17 15:22:01.803,10.0.0.16,10.0.0.25,1,29.387,31,3038,98.0,0.0,0.033469,normal
2026-05-17 15:22:01.803,10.0.0.3,10.0.0.8,0,2.853,3,294,98.0,0.0,0.000968,normal
2026-05-17 15:22:01.803,10.0.0.6,10.0.0.12,0,3.0,3,294,98.0,0.0,0.00354,normal
2026-05-17 15:22:01.803,10.0.0.2,10.0.0.25,1,3.69,6,588,98.0,0.0,0.420859,normal
2026-05-17 15:22:01.803,10.0.0.20,10.0.0.25,1,3.0,3,294,98.0,0.0,0.002022,normal
2026-05-17 15:22:01.803,10.0.0.6,10.0.0.25,1,6.0,6,588,98.0,0.0,0.21083,normal
2026-05-17 15:22:01.803,10.0.0.17,10.0.0.25,1,29.5094,31,3038,98.0,0.0,0.033372,normal
2026-05-17 15:22:02.835,10.0.0.5,10.0.0.25,1,3.0,3,294,98.0,0.0,0.002081,normal
2026-05-17 15:22:02.835,10.0.0.10,10.0.0.25,1,3.0,3,294,98.0,0.0,0.000964,normal
2026-05-17 15:22:02.835,10.0.0.11,10.0.0.17,0,2.9995,3,294,98.0,0.0,0.00021,normal
2026-05-17 15:22:02.835,10.0.0.3,10.0.0.25,1,6.0103,6,588,98.0,0.0,0.210452,normal
2026-05-17 15:22:02.835,10.0.0.15,10.0.0.25,1,3.0,3,294,98.0,0.0,0.006952,normal
2026-05-17 15:22:02.835,10.0.0.12,10.0.0.25,1,14.6838,14,1372,98.0,0.0,0.087733,normal
2026-05-17 15:22:02.835,10.0.0.11,10.0.0.25,1,15.2609,15,1470,98.0,0.0,0.0879,normal
2026-05-17 15:22:02.835,10.0.0.16,10.0.0.25,1,29.2709,29,2842,98.0,0.0,0.037596,normal
2026-05-17 15:22:02.835,10.0.0.2,10.0.0.25,1,3.183,2,196,98.0,0.0,0.0,normal
2026-05-17 15:22:02.835,10.0.0.20,10.0.0.25,1,3.0,3,294,98.0,0.0,0.004175,normal
2026-05-17 15:22:02.835,10.0.0.6,10.0.0.25,1,6.0,6,588,98.0,0.0,0.215392,normal
2026-05-17 15:22:02.835,10.0.0.17,10.0.0.25,1,29.3566,29,2842,98.0,0.0,0.038341,normal
2026-05-17 15:22:03.888,10.0.0.5,10.0.0.25,1,3.0,3,294,98.0,0.0,0.021767,normal
2026-05-17 15:22:03.888,10.0.0.10,10.0.0.25,1,3.0,3,294,98.0,0.0,0.000767,normal
2026-05-17 15:22:03.888,10.0.0.3,10.0.0.25,1,6.0072,6,588,98.0,0.0,0.211291,normal
2026-05-17 15:22:03.888,10.0.0.15,10.0.0.25,1,3.0,3,294,98.0,0.0,0.015117,normal
2026-05-17 15:22:03.888,10.0.0.12,10.0.0.25,1,14.7787,15,1470,98.0,0.0,0.083625,normal
2026-05-17 15:22:03.888,10.0.0.11,10.0.0.25,1,15.1826,15,1470,98.0,0.0,0.084379,normal
2026-05-17 15:22:03.888,10.0.0.16,10.0.0.25,1,29.7896,31,3038,98.0,0.0,0.029605,normal
2026-05-17 15:22:03.888,10.0.0.3,10.0.0.8,0,2.8971,3,294,98.0,0.0,0.008663,normal
2026-05-17 15:22:03.888,10.0.0.6,10.0.0.12,0,3.0,3,294,98.0,0.0,0.022716,normal
2026-05-17 15:22:03.888,10.0.0.2,10.0.0.25,1,3.1281,3,294,98.0,0.0,0.006022,normal
2026-05-17 15:22:03.888,10.0.0.20,10.0.0.25,1,3.0,3,294,98.0,0.0,0.001791,normal
2026-05-17 15:22:03.888,10.0.0.6,10.0.0.25,1,6.0,6,588,98.0,0.0,0.199164,normal
2026-05-17 15:22:03.888,10.0.0.17,10.0.0.25,1,29.8496,31,3038,98.0,0.0,0.029914,normal
2026-05-17 15:22:04.898,10.0.0.5,10.0.0.25,1,3.0,3,294,98.0,0.0,0.008317,normal
2026-05-17 15:22:04.898,10.0.0.10,10.0.0.25,1,3.0,3,294,98.0,0.0,0.005225,normal
2026-05-17 15:22:04.898,10.0.0.11,10.0.0.17,0,2.9997,3,294,98.0,0.0,0.010764,normal
2026-05-17 15:22:04.898,10.0.0.3,10.0.0.25,1,6.0051,6,588,98.0,0.0,0.215995,normal
2026-05-17 15:22:04.898,10.0.0.15,10.0.0.25,1,3.0,3,294,98.0,0.0,0.002398,normal
2026-05-17 15:22:04.898,10.0.0.12,10.0.0.25,1,14.8451,15,1470,98.0,0.0,0.078759,normal
2026-05-17 15:22:04.898,10.0.0.11,10.0.0.25,1,15.1278,15,1470,98.0,0.0,0.079823,normal
2026-05-17 15:22:04.898,10.0.0.16,10.0.0.25,1,28.9527,27,2646,98.0,0.0,0.03787,normal
2026-05-17 15:22:04.898,10.0.0.6,10.0.0.12,0,3.0,3,294,98.0,0.0,0.026381,normal
2026-05-17 15:22:04.898,10.0.0.2,10.0.0.25,1,3.0897,3,294,98.0,0.0,0.0039,normal
2026-05-17 15:22:04.898,10.0.0.20,10.0.0.25,1,3.0,3,294,98.0,0.0,6e-05,normal
2026-05-17 15:22:04.898,10.0.0.6,10.0.0.25,1,6.0,6,588,98.0,0.0,0.207047,normal
2026-05-17 15:22:04.898,10.0.0.17,10.0.0.25,1,29.2947,28,2744,98.0,0.0,0.039555,normal
2026-05-17 15:22:05.911,10.0.0.5,10.0.0.25,1,3.3,4,392,98.0,0.0,0.525844,normal
2026-05-17 15:22:05.911,10.0.0.10,10.0.0.25,1,3.0,3,294,98.0,0.0,0.003626,normal
2026-05-17 15:22:05.911,10.0.0.3,10.0.0.25,1,6.0035,6,588,98.0,0.0,0.197929,normal
2026-05-17 15:22:05.911,10.0.0.15,10.0.0.25,1,3.0,3,294,98.0,0.0,0.011722,normal
2026-05-17 15:22:05.911,10.0.0.12,10.0.0.25,1,14.8916,15,1470,98.0,0.0,0.080198,normal
2026-05-17 15:22:05.911,10.0.0.11,10.0.0.25,1,15.0895,15,1470,98.0,0.0,0.073351,normal
2026-05-17 15:22:05.911,10.0.0.16,10.0.0.25,1,28.9669,29,2842,98.0,0.0,0.030536,normal
2026-05-17 15:22:05.911,10.0.0.3,10.0.0.8,0,2.928,3,294,98.0,0.0,0.006027,normal
2026-05-17 15:22:05.911,10.0.0.2,10.0.0.25,1,3.0628,3,294,98.0,0.0,0.011615,normal
2026-05-17 15:22:05.911,10.0.0.20,10.0.0.25,1,3.0,3,294,98.0,0.0,0.010731,normal
2026-05-17 15:22:05.911,10.0.0.6,10.0.0.25,1,6.0,6,588,98.0,0.0,0.189715,normal
2026-05-17 15:22:05.911,10.0.0.17,10.0.0.25,1,29.5063,30,2940,98.0,0.0,0.035789,normal
2026-05-17 15:22:06.930,10.0.0.5,10.0.0.25,1,3.51,4,392,98.0,0.0,0.540202,normal
2026-05-17 15:22:06.930,10.0.0.10,10.0.0.25,1,3.0,3,294,98.0,0.0,0.001773,normal
2026-05-17 15:22:06.930,10.0.0.11,10.0.0.17,0,2.9998,3,294,98.0,0.0,0.011363,normal
2026-05-17 15:22:06.930,10.0.0.3,10.0.0.25,1,6.0025,6,588,98.0,0.0,0.216004,normal
2026-05-17 15:22:06.930,10.0.0.15,10.0.0.25,1,3.0,3,294,98.0,0.0,0.001562,normal
2026-05-17 15:22:06.930,10.0.0.12,10.0.0.25,1,14.9241,15,1470,98.0,0.0,0.080158,normal
2026-05-17 15:22:06.930,10.0.0.11,10.0.0.25,1,15.0626,15,1470,98.0,0.0,0.076413,normal
2026-05-17 15:22:06.930,10.0.0.16,10.0.0.25,1,29.2768,30,2940,98.0,0.0,0.036388,normal
2026-05-17 15:22:06.930,10.0.0.6,10.0.0.12,0,3.0,3,294,98.0,0.0,0.004427,normal
2026-05-17 15:22:06.930,10.0.0.2,10.0.0.25,1,3.0439,3,294,98.0,0.0,0.001329,normal
2026-05-17 15:22:06.930,10.0.0.20,10.0.0.25,1,3.0,3,294,98.0,0.0,0.004367,normal
2026-05-17 15:22:06.930,10.0.0.6,10.0.0.25,1,6.3,7,686,98.0,0.0,0.219834,normal
2026-05-17 15:22:06.930,10.0.0.17,10.0.0.25,1,29.6544,30,2940,98.0,0.0,0.031297,normal
2026-05-17 15:22:07.940,10.0.0.5,10.0.0.25,1,3.657,4,392,98.0,0.0,0.553645,normal
2026-05-17 15:22:07.940,10.0.0.10,10.0.0.25,1,3.0,3,294,98.0,0.0,0.000436,normal
2026-05-17 15:22:07.940,10.0.0.3,10.0.0.25,1,6.0017,6,588,98.0,0.0,0.178573,normal
2026-05-17 15:22:07.940,10.0.0.15,10.0.0.25,1,3.0,3,294,98.0,0.0,0.016166,normal
2026-05-17 15:22:07.940,10.0.0.12,10.0.0.25,1,14.9469,15,1470,98.0,0.0,0.079448,normal
2026-05-17 15:22:07.940,10.0.0.11,10.0.0.25,1,15.0438,15,1470,98.0,0.0,0.077886,normal
2026-05-17 15:22:07.940,10.0.0.16,10.0.0.25,1,29.4938,30,2940,98.0,0.0,0.034359,normal
2026-05-17 15:22:07.940,10.0.0.3,10.0.0.8,0,2.9496,3,294,98.0,0.0,0.006799,normal
2026-05-17 15:22:07.940,10.0.0.2,10.0.0.25,1,3.0308,3,294,98.0,0.0,0.00269,normal
2026-05-17 15:22:07.940,10.0.0.20,10.0.0.25,1,3.0,3,294,98.0,0.0,0.015456,normal
2026-05-17 15:22:07.940,10.0.0.6,10.0.0.25,1,6.81,8,784,98.0,0.0,0.229502,normal
2026-05-17 15:22:07.940,10.0.0.17,10.0.0.25,1,29.4581,29,2842,98.0,0.0,0.031838,normal
2026-05-17 15:22:08.958,10.0.0.5,10.0.0.25,1,3.1599,2,196,98.0,0.0,0.0,normal
2026-05-17 15:22:08.958,10.0.0.10,10.0.0.25,1,3.0,3,294,98.0,0.0,0.007106,normal
2026-05-17 15:22:08.958,10.0.0.11,10.0.0.17,0,2.9998,3,294,98.0,0.0,0.00051,normal
2026-05-17 15:22:08.958,10.0.0.3,10.0.0.25,1,6.0012,6,588,98.0,0.0,0.219082,normal
2026-05-17 15:22:08.958,10.0.0.15,10.0.0.25,1,3.0,3,294,98.0,0.0,0.002222,normal
2026-05-17 15:22:08.958,10.0.0.12,10.0.0.25,1,14.9628,15,1470,98.0,0.0,0.087193,normal
2026-05-17 15:22:08.958,10.0.0.11,10.0.0.25,1,15.0307,15,1470,98.0,0.0,0.082478,normal
2026-05-17 15:22:08.958,10.0.0.16,10.0.0.25,1,29.3457,29,2842,98.0,0.0,0.039894,normal
2026-05-17 15:22:08.958,10.0.0.6,10.0.0.12,0,3.0,3,294,98.0,0.0,0.00211,normal
2026-05-17 15:22:08.958,10.0.0.2,10.0.0.25,1,3.0215,3,294,98.0,0.0,0.001102,normal
2026-05-17 15:22:08.958,10.0.0.20,10.0.0.25,1,3.0,3,294,98.0,0.0,0.000317,normal
2026-05-17 15:22:08.958,10.0.0.6,10.0.0.25,1,6.267,5,490,98.0,0.0,0.236035,normal
2026-05-17 15:22:08.958,10.0.0.17,10.0.0.25,1,29.3207,29,2842,98.0,0.0,0.039959,normal
2026-05-17 15:22:09.970,10.0.0.5,10.0.0.25,1,3.4119,4,392,98.0,0.0,0.540527,normal
2026-05-17 15:22:09.970,10.0.0.10,10.0.0.25,1,3.0,3,294,98.0,0.0,0.001328,normal
2026-05-17 15:22:09.970,10.0.0.3,10.0.0.25,1,6.0009,6,588,98.0,0.0,0.222496,normal
2026-05-17 15:22:09.970,10.0.0.15,10.0.0.25,1,3.0,3,294,98.0,0.0,0.00288,normal
2026-05-17 15:22:09.970,10.0.0.12,10.0.0.25,1,14.974,15,1470,98.0,0.0,0.086778,normal
2026-05-17 15:22:09.970,10.0.0.11,10.0.0.25,1,15.0215,15,1470,98.0,0.0,0.086022,normal
2026-05-17 15:22:09.970,10.0.0.16,10.0.0.25,1,29.842,31,3038,98.0,0.0,0.03744,normal
2026-05-17 15:22:09.970,10.0.0.3,10.0.0.8,0,2.9647,3,294,98.0,0.0,0.000505,normal
2026-05-17 15:22:09.970,10.0.0.2,10.0.0.25,1,3.0151,3,294,98.0,0.0,0.000447,normal
2026-05-17 15:22:09.970,10.0.0.20,10.0.0.25,1,3.0,3,294,98.0,0.0,0.002515,normal
2026-05-17 15:22:09.970,10.0.0.6,10.0.0.25,1,6.4869,7,686,98.0,0.0,0.245664,normal
2026-05-17 15:22:09.970,10.0.0.17,10.0.0.25,1,29.5245,30,2940,98.0,0.0,0.037522,normal
2026-05-17 15:22:10.984,10.0.0.5,10.0.0.25,1,3.2884,3,294,98.0,0.0,0.0086,normal
2026-05-17 15:22:10.984,10.0.0.10,10.0.0.25,1,3.0,3,294,98.0,0.0,0.000474,normal
2026-05-17 15:22:10.984,10.0.0.11,10.0.0.17,0,2.9999,3,294,98.0,0.0,0.001137,normal
2026-05-17 15:22:10.984,10.0.0.3,10.0.0.25,1,6.0006,6,588,98.0,0.0,0.215885,normal
2026-05-17 15:22:10.984,10.0.0.15,10.0.0.25,1,3.0,3,294,98.0,0.0,0.000792,normal
2026-05-17 15:22:10.984,10.0.0.12,10.0.0.25,1,14.9818,15,1470,98.0,0.0,0.082507,normal
2026-05-17 15:22:10.984,10.0.0.11,10.0.0.25,1,15.015,15,1470,98.0,0.0,0.086437,normal
2026-05-17 15:22:10.984,10.0.0.16,10.0.0.25,1,29.2894,28,2744,98.0,0.0,0.038916,normal
2026-05-17 15:22:10.984,10.0.0.6,10.0.0.12,0,3.0,3,294,98.0,0.0,0.00063,normal
2026-05-17 15:22:10.984,10.0.0.2,10.0.0.25,1,3.0105,3,294,98.0,0.0,0.000589,normal
2026-05-17 15:22:10.984,10.0.0.20,10.0.0.25,1,3.0,3,294,98.0,0.0,0.001629,normal
2026-05-17 15:22:10.984,10.0.0.6,10.0.0.25,1,6.0408,5,490,98.0,0.0,0.244318,normal
2026-05-17 15:22:10.984,10.0.0.17,10.0.0.25,1,29.6671,30,2940,98.0,0.0,0.040027,normal
2026-05-17 15:22:12.008,10.0.0.5,10.0.0.25,1,3.2018,3,294,98.0,0.0,0.002916,normal
2026-05-17 15:22:12.008,10.0.0.10,10.0.0.25,1,3.6,5,490,98.0,0.0,0.46108,normal
2026-05-17 15:22:12.008,10.0.0.3,10.0.0.25,1,6.0004,6,588,98.0,0.0,0.219341,normal
2026-05-17 15:22:12.008,10.0.0.15,10.0.0.25,1,3.0,3,294,98.0,0.0,0.003018,normal
2026-05-17 15:22:12.008,10.0.0.12,10.0.0.25,1,14.9872,15,1470,98.0,0.0,0.080364,normal
2026-05-17 15:22:12.008,10.0.0.11,10.0.0.25,1,15.0105,15,1470,98.0,0.0,0.073639,normal
2026-05-17 15:22:12.008,10.0.0.16,10.0.0.25,1,30.1026,32,3136,98.0,0.0,0.033025,normal
2026-05-17 15:22:12.008,10.0.0.3,10.0.0.8,0,2.9753,3,294,98.0,0.0,0.005717,normal
2026-05-17 15:22:12.008,10.0.0.2,10.0.0.25,1,3.0074,3,294,98.0,0.0,0.004053,normal
2026-05-17 15:22:12.008,10.0.0.20,10.0.0.25,1,3.0,3,294,98.0,0.0,0.004171,normal
2026-05-17 15:22:12.008,10.0.0.6,10.0.0.25,1,6.3286,7,686,98.0,0.0,0.233785,normal
2026-05-17 15:22:12.008,10.0.0.17,10.0.0.25,1,29.767,30,2940,98.0,0.0,0.032585,normal
2026-05-17 15:22:13.017,10.0.0.5,10.0.0.25,1,3.1413,3,294,98.0,0.0,0.002961,normal
2026-05-17 15:22:13.017,10.0.0.10,10.0.0.25,1,3.42,3,294,98.0,0.0,0.000188,normal
2026-05-17 15:22:13.017,10.0.0.11,10.0.0.17,0,2.9999,3,294,98.0,0.0,0.001161,normal
2026-05-17 15:22:13.017,10.0.0.3,10.0.0.25,1,6.0003,6,588,98.0,0.0,0.212826,normal
2026-05-17 15:22:13.017,10.0.0.15,10.0.0.25,1,3.0,3,294,98.0,0.0,0.003215,normal
2026-05-17 15:22:13.017,10.0.0.12,10.0.0.25,1,14.9911,15,1470,98.0,0.0,0.078169,normal
2026-05-17 15:22:13.017,10.0.0.11,10.0.0.25,1,15.0074,15,1470,98.0,0.0,0.082828,normal
2026-05-17 15:22:13.017,10.0.0.16,10.0.0.25,1,30.0718,30,2940,98.0,0.0,0.038827,normal
2026-05-17 15:22:13.017,10.0.0.6,10.0.0.12,0,3.0,3,294,98.0,0.0,0.000106,normal
2026-05-17 15:22:13.017,10.0.0.2,10.0.0.25,1,3.0052,3,294,98.0,0.0,0.000896,normal
2026-05-17 15:22:13.017,10.0.0.20,10.0.0.25,1,3.0,3,294,98.0,0.0,0.003125,normal
2026-05-17 15:22:13.017,10.0.0.6,10.0.0.25,1,6.23,6,588,98.0,0.0,0.213939,normal
2026-05-17 15:22:13.017,10.0.0.17,10.0.0.25,1,29.8369,30,2940,98.0,0.0,0.036305,normal
2026-05-17 15:22:14.028,10.0.0.5,10.0.0.25,1,3.0989,3,294,98.0,0.0,0.002885,normal
2026-05-17 15:22:14.028,10.0.0.10,10.0.0.25,1,3.294,3,294,98.0,0.0,0.004028,normal
2026-05-17 15:22:14.028,10.0.0.3,10.0.0.25,1,6.0002,6,588,98.0,0.0,0.21673,normal
2026-05-17 15:22:14.028,10.0.0.15,10.0.0.25,1,3.0,3,294,98.0,0.0,0.0119,normal
2026-05-17 15:22:14.028,10.0.0.12,10.0.0.25,1,14.9937,15,1470,98.0,0.0,0.07606,normal
2026-05-17 15:22:14.028,10.0.0.11,10.0.0.25,1,15.0052,15,1470,98.0,0.0,0.083499,normal
2026-05-17 15:22:14.028,10.0.0.16,10.0.0.25,1,29.1503,27,2646,98.0,0.0,0.037506,normal
2026-05-17 15:22:14.028,10.0.0.3,10.0.0.8,0,2.9827,3,294,98.0,0.0,0.009486,normal
2026-05-17 15:22:14.028,10.0.0.2,10.0.0.25,1,3.0036,3,294,98.0,0.0,0.003291,normal
2026-05-17 15:22:14.028,10.0.0.20,10.0.0.25,1,3.0,3,294,98.0,0.0,0.008158,normal
2026-05-17 15:22:14.028,10.0.0.6,10.0.0.25,1,6.161,6,588,98.0,0.0,0.210947,normal
2026-05-17 15:22:14.028,10.0.0.17,10.0.0.25,1,29.8858,30,2940,98.0,0.0,0.033211,normal
2026-05-17 15:22:15.042,10.0.0.5,10.0.0.25,1,3.0692,3,294,98.0,0.0,0.003971,normal
2026-05-17 15:22:15.042,10.0.0.10,10.0.0.25,1,3.2058,3,294,98.0,0.0,0.00446,normal
2026-05-17 15:22:15.042,10.0.0.11,10.0.0.17,0,2.9999,3,294,98.0,0.0,0.001841,normal
2026-05-17 15:22:15.042,10.0.0.3,10.0.0.25,1,6.0001,6,588,98.0,0.0,0.21581,normal
2026-05-17 15:22:15.042,10.0.0.15,10.0.0.25,1,3.0,3,294,98.0,0.0,0.005452,normal
2026-05-17 15:22:15.042,10.0.0.12,10.0.0.25,1,14.9956,15,1470,98.0,0.0,0.086102,normal
2026-05-17 15:22:15.042,10.0.0.11,10.0.0.25,1,15.0036,15,1470,98.0,0.0,0.087075,normal
2026-05-17 15:22:15.042,10.0.0.16,10.0.0.25,1,29.4052,30,2940,98.0,0.0,0.037449,normal
2026-05-17 15:22:15.042,10.0.0.6,10.0.0.12,0,3.0,3,294,98.0,0.0,0.00334,normal
2026-05-17 15:22:15.042,10.0.0.2,10.0.0.25,1,3.0025,3,294,98.0,0.0,0.010348,normal
2026-05-17 15:22:15.042,10.0.0.20,10.0.0.25,1,3.0,3,294,98.0,0.0,0.003832,normal
2026-05-17 15:22:15.042,10.0.0.6,10.0.0.25,1,6.1127,6,588,98.0,0.0,0.192808,normal
2026-05-17 15:22:15.042,10.0.0.17,10.0.0.25,1,29.9201,30,2940,98.0,0.0,0.039072,normal
2026-05-17 15:22:16.056,10.0.0.5,10.0.0.25,1,3.0485,3,294,98.0,0.0,0.001952,normal
2026-05-17 15:22:16.056,10.0.0.10,10.0.0.25,1,3.1441,3,294,98.0,0.0,0.010788,normal
2026-05-17 15:22:16.056,10.0.0.3,10.0.0.25,1,6.0001,6,588,98.0,0.0,0.209187,normal
2026-05-17 15:22:16.056,10.0.0.15,10.0.0.25,1,3.0,3,294,98.0,0.0,0.00597,normal
2026-05-17 15:22:16.056,10.0.0.12,10.0.0.25,1,14.9969,15,1470,98.0,0.0,0.077091,normal
2026-05-17 15:22:16.056,10.0.0.11,10.0.0.25,1,15.0025,15,1470,98.0,0.0,0.081223,normal
2026-05-17 15:22:16.056,10.0.0.16,10.0.0.25,1,29.5836,30,2940,98.0,0.0,0.034611,normal
2026-05-17 15:22:16.056,10.0.0.3,10.0.0.8,0,2.9879,3,294,98.0,0.0,0.001095,normal
2026-05-17 15:22:16.056,10.0.0.2,10.0.0.25,1,3.0018,3,294,98.0,0.0,0.010776,normal
2026-05-17 15:22:16.056,10.0.0.20,10.0.0.25,1,3.0,3,294,98.0,0.0,0.006236,normal
2026-05-17 15:22:16.056,10.0.0.6,10.0.0.25,1,6.0789,6,588,98.0,0.0,0.212012,normal
2026-05-17 15:22:16.056,10.0.0.17,10.0.0.25,1,29.6441,29,2842,98.0,0.0,0.032049,normal
2026-05-17 15:22:17.090,10.0.0.5,10.0.0.25,1,3.0339,3,294,98.0,0.0,0.003168,normal
2026-05-17 15:22:17.090,10.0.0.10,10.0.0.25,1,3.1008,3,294,98.0,0.0,0.001635,normal
2026-05-17 15:22:17.090,10.0.0.11,10.0.0.17,0,3.0,3,294,98.0,0.0,0.002461,normal
2026-05-17 15:22:17.090,10.0.0.3,10.0.0.25,1,6.0001,6,588,98.0,0.0,0.2096,normal
2026-05-17 15:22:17.090,10.0.0.15,10.0.0.25,1,3.0,3,294,98.0,0.0,0.0083,normal
2026-05-17 15:22:17.090,10.0.0.12,10.0.0.25,1,14.9979,15,1470,98.0,0.0,0.076552,normal
2026-05-17 15:22:17.090,10.0.0.11,10.0.0.25,1,15.0018,15,1470,98.0,0.0,0.07533,normal
2026-05-17 15:22:17.090,10.0.0.16,10.0.0.25,1,24.3085,12,1176,98.0,0.0,0.030636,normal
2026-05-17 15:22:17.090,10.0.0.6,10.0.0.12,0,3.0,3,294,98.0,0.0,0.002024,normal
2026-05-17 15:22:17.090,10.0.0.2,10.0.0.25,1,3.0012,3,294,98.0,0.0,0.004183,normal
2026-05-17 15:22:17.090,10.0.0.20,10.0.0.25,1,3.0,3,294,98.0,0.0,0.015212,normal
2026-05-17 15:22:17.090,10.0.0.6,10.0.0.25,1,6.0552,6,588,98.0,0.0,0.203519,normal
2026-05-17 15:22:17.090,10.0.0.17,10.0.0.25,1,30.0508,31,3038,98.0,0.0,0.032033,normal
2026-05-17 15:22:18.103,10.0.0.5,10.0.0.25,1,3.0237,3,294,98.0,0.0,0.00046,normal
2026-05-17 15:22:18.103,10.0.0.10,10.0.0.25,1,3.0706,3,294,98.0,0.0,0.005257,normal
2026-05-17 15:22:18.103,10.0.0.3,10.0.0.25,1,6.0,6,588,98.0,0.0,0.215181,normal
2026-05-17 15:22:18.103,10.0.0.15,10.0.0.25,1,3.0,3,294,98.0,0.0,0.002423,normal
2026-05-17 15:22:18.103,10.0.0.12,10.0.0.25,1,14.9985,15,1470,98.0,0.0,0.085345,normal
2026-05-17 15:22:18.103,10.0.0.11,10.0.0.25,1,15.0012,15,1470,98.0,0.0,0.087937,normal
2026-05-17 15:22:18.103,10.0.0.3,10.0.0.8,0,2.9915,3,294,98.0,0.0,0.00269,normal
2026-05-17 15:22:18.103,10.0.0.2,10.0.0.25,1,3.0009,3,294,98.0,0.0,0.001283,normal
2026-05-17 15:22:18.103,10.0.0.20,10.0.0.25,1,3.0,3,294,98.0,0.0,0.004106,normal
2026-05-17 15:22:18.103,10.0.0.6,10.0.0.25,1,6.0387,6,588,98.0,0.0,0.213851,normal
2026-05-17 15:22:18.103,10.0.0.17,10.0.0.25,1,30.0356,30,2940,98.0,0.0,0.038003,normal
2026-05-17 15:22:19.117,10.0.0.5,10.0.0.25,1,3.0166,3,294,98.0,0.0,0.004196,normal
2026-05-17 15:22:19.117,10.0.0.10,10.0.0.25,1,3.0494,3,294,98.0,0.0,0.007845,normal
2026-05-17 15:22:19.117,10.0.0.11,10.0.0.17,0,3.0,3,294,98.0,0.0,0.000415,normal
2026-05-17 15:22:19.117,10.0.0.3,10.0.0.25,1,6.0,6,588,98.0,0.0,0.216799,normal
2026-05-17 15:22:19.117,10.0.0.15,10.0.0.25,1,3.0,3,294,98.0,0.0,0.005608,normal
2026-05-17 15:22:19.117,10.0.0.12,10.0.0.25,1,14.9989,15,1470,98.0,0.0,0.083095,normal
2026-05-17 15:22:19.117,10.0.0.11,10.0.0.25,1,15.0009,15,1470,98.0,0.0,0.086139,normal
2026-05-17 15:22:19.117,10.0.0.6,10.0.0.12,0,3.0,3,294,98.0,0.0,0.000856,normal
2026-05-17 15:22:19.117,10.0.0.2,10.0.0.25,1,3.0006,3,294,98.0,0.0,0.001814,normal
2026-05-17 15:22:19.117,10.0.0.20,10.0.0.25,1,3.0,3,294,98.0,0.0,0.000569,normal
2026-05-17 15:22:19.117,10.0.0.6,10.0.0.25,1,6.0271,6,588,98.0,0.0,0.216374,normal
2026-05-17 15:22:19.117,10.0.0.17,10.0.0.25,1,30.0249,30,2940,98.0,0.0,0.038618,normal
2026-05-17 15:22:20.128,10.0.0.5,10.0.0.25,1,3.0116,3,294,98.0,0.0,0.002313,normal
2026-05-17 15:22:20.128,10.0.0.10,10.0.0.25,1,3.0346,3,294,98.0,0.0,0.002672,normal
2026-05-17 15:22:20.128,10.0.0.3,10.0.0.25,1,6.0,6,588,98.0,0.0,0.218519,normal
2026-05-17 15:22:20.128,10.0.0.15,10.0.0.25,1,3.0,3,294,98.0,0.0,0.003155,normal
2026-05-17 15:22:20.128,10.0.0.12,10.0.0.25,1,14.9993,15,1470,98.0,0.0,0.083491,normal
2026-05-17 15:22:20.128,10.0.0.11,10.0.0.25,1,15.0006,15,1470,98.0,0.0,0.088259,normal
2026-05-17 15:22:20.128,10.0.0.3,10.0.0.8,0,2.9941,3,294,98.0,0.0,0.001511,normal
2026-05-17 15:22:20.128,10.0.0.2,10.0.0.25,1,3.0004,3,294,98.0,0.0,0.003594,normal
2026-05-17 15:22:20.128,10.0.0.20,10.0.0.25,1,3.0,3,294,98.0,0.0,0.004847,normal
2026-05-17 15:22:20.128,10.0.0.6,10.0.0.25,1,6.0189,6,588,98.0,0.0,0.219858,normal
2026-05-17 15:22:20.128,10.0.0.17,10.0.0.25,1,30.0174,30,2940,98.0,0.0,0.038118,normal
2026-05-17 15:22:21.136,10.0.0.5,10.0.0.25,1,3.0081,3,294,98.0,0.0,0.000574,normal
2026-05-17 15:22:21.136,10.0.0.10,10.0.0.25,1,3.0242,3,294,98.0,0.0,0.003211,normal
2026-05-17 15:22:21.136,10.0.0.11,10.0.0.17,0,3.0,3,294,98.0,0.0,0.001212,normal
2026-05-17 15:22:21.136,10.0.0.3,10.0.0.25,1,6.0,6,588,98.0,0.0,0.216166,normal
2026-05-17 15:22:21.136,10.0.0.15,10.0.0.25,1,3.0,3,294,98.0,0.0,0.001031,normal
2026-05-17 15:22:21.136,10.0.0.12,10.0.0.25,1,14.9995,15,1470,98.0,0.0,0.087711,normal
2026-05-17 15:22:21.136,10.0.0.11,10.0.0.25,1,15.0004,15,1470,98.0,0.0,0.081544,normal
2026-05-17 15:22:21.136,10.0.0.6,10.0.0.12,0,3.0,3,294,98.0,0.0,0.000419,normal
2026-05-17 15:22:21.136,10.0.0.2,10.0.0.25,1,3.0003,3,294,98.0,0.0,0.003626,normal
2026-05-17 15:22:21.136,10.0.0.20,10.0.0.25,1,3.0,3,294,98.0,0.0,0.001035,normal
2026-05-17 15:22:21.136,10.0.0.6,10.0.0.25,1,6.0133,6,588,98.0,0.0,0.214144,normal
2026-05-17 15:22:21.136,10.0.0.17,10.0.0.25,1,30.0122,30,2940,98.0,0.0,0.038319,normal
2026-05-17 15:22:22.146,10.0.0.5,10.0.0.25,1,3.0057,3,294,98.0,0.0,0.000907,normal
2026-05-17 15:22:22.146,10.0.0.10,10.0.0.25,1,3.0169,3,294,98.0,0.0,0.000457,normal
2026-05-17 15:22:22.146,10.0.0.3,10.0.0.25,1,6.0,6,588,98.0,0.0,0.217324,normal
2026-05-17 15:22:22.146,10.0.0.15,10.0.0.25,1,3.0,3,294,98.0,0.0,9.2e-05,normal
2026-05-17 15:22:22.146,10.0.0.12,10.0.0.25,1,14.9996,15,1470,98.0,0.0,0.081347,normal
2026-05-17 15:22:22.146,10.0.0.11,10.0.0.25,1,15.0003,15,1470,98.0,0.0,0.08528,normal
2026-05-17 15:22:22.146,10.0.0.3,10.0.0.8,0,2.9958,3,294,98.0,0.0,0.004237,normal
2026-05-17 15:22:22.146,10.0.0.2,10.0.0.25,1,3.0002,3,294,98.0,0.0,0.000338,normal
2026-05-17 15:22:22.146,10.0.0.20,10.0.0.25,1,3.0,3,294,98.0,0.0,0.000174,normal
2026-05-17 15:22:22.146,10.0.0.6,10.0.0.25,1,6.0093,6,588,98.0,0.0,0.212961,normal
2026-05-17 15:22:22.146,10.0.0.17,10.0.0.25,1,21.9085,3,294,98.0,0.0,0.00268,normal
2026-05-17 15:22:23.159,10.0.0.5,10.0.0.25,1,3.004,3,294,98.0,0.0,0.003112,normal
2026-05-17 15:22:23.159,10.0.0.10,10.0.0.25,1,3.0119,3,294,98.0,0.0,6.3e-05,normal
2026-05-17 15:22:23.159,10.0.0.11,10.0.0.17,0,3.0,3,294,98.0,0.0,0.001318,normal
2026-05-17 15:22:23.159,10.0.0.3,10.0.0.25,1,6.0,6,588,98.0,0.0,0.215747,normal
2026-05-17 15:22:23.159,10.0.0.15,10.0.0.25,1,3.0,3,294,98.0,0.0,0.003218,normal
2026-05-17 15:22:23.159,10.0.0.12,10.0.0.25,1,14.9997,15,1470,98.0,0.0,0.085352,normal
2026-05-17 15:22:23.159,10.0.0.11,10.0.0.25,1,15.0002,15,1470,98.0,0.0,0.085895,normal
2026-05-17 15:22:23.159,10.0.0.6,10.0.0.12,0,3.0,3,294,98.0,0.0,2.5e-05,normal
2026-05-17 15:22:23.159,10.0.0.2,10.0.0.25,1,3.0001,3,294,98.0,0.0,0.000182,normal
2026-05-17 15:22:23.159,10.0.0.20,10.0.0.25,1,3.0,3,294,98.0,0.0,0.004237,normal
2026-05-17 15:22:23.159,10.0.0.6,10.0.0.25,1,6.0065,6,588,98.0,0.0,0.218078,normal
2026-05-17 15:22:24.173,10.0.0.5,10.0.0.25,1,3.0028,3,294,98.0,0.0,0.000122,normal
2026-05-17 15:22:24.173,10.0.0.10,10.0.0.25,1,3.0083,3,294,98.0,0.0,0.006078,normal
2026-05-17 15:22:24.173,10.0.0.3,10.0.0.25,1,6.0,6,588,98.0,0.0,0.214172,normal
2026-05-17 15:22:24.173,10.0.0.15,10.0.0.25,1,3.0,3,294,98.0,0.0,0.010554,normal
2026-05-17 15:22:24.173,10.0.0.12,10.0.0.25,1,14.9998,15,1470,98.0,0.0,0.084145,normal
2026-05-17 15:22:24.173,10.0.0.11,10.0.0.25,1,15.0001,15,1470,98.0,0.0,0.082129,normal
2026-05-17 15:22:24.173,10.0.0.3,10.0.0.8,0,2.9971,3,294,98.0,0.0,0.000727,normal
2026-05-17 15:22:24.173,10.0.0.2,10.0.0.25,1,3.0001,3,294,98.0,0.0,0.005968,normal
2026-05-17 15:22:24.173,10.0.0.20,10.0.0.25,1,3.0,3,294,98.0,0.0,0.010428,normal
2026-05-17 15:22:24.173,10.0.0.6,10.0.0.25,1,6.0045,6,588,98.0,0.0,0.221207,normal
2026-05-17 15:22:25.272,10.0.0.5,10.0.0.25,1,3.002,3,294,98.0,0.0,0.000878,normal
2026-05-17 15:22:25.272,10.0.0.10,10.0.0.25,1,3.0058,3,294,98.0,0.0,0.001725,normal
2026-05-17 15:22:25.272,10.0.0.11,10.0.0.17,0,3.0,3,294,98.0,0.0,0.002002,normal
2026-05-17 15:22:25.272,10.0.0.3,10.0.0.25,1,6.0,6,588,98.0,0.0,0.209417,normal
2026-05-17 15:22:25.272,10.0.0.15,10.0.0.25,1,3.0,3,294,98.0,0.0,0.013195,normal
2026-05-17 15:22:25.272,10.0.0.12,10.0.0.25,1,14.6999,14,1372,98.0,0.0,0.088444,normal
2026-05-17 15:22:25.272,10.0.0.11,10.0.0.25,1,14.1001,12,1176,98.0,0.0,0.081458,normal
2026-05-17 15:22:25.272,10.0.0.6,10.0.0.12,0,3.0,3,294,98.0,0.0,0.001007,normal
2026-05-17 15:22:25.272,10.0.0.2,10.0.0.25,1,3.0001,3,294,98.0,0.0,0.005516,normal
2026-05-17 15:22:25.272,10.0.0.20,10.0.0.25,1,3.0,3,294,98.0,0.0,0.003259,normal
2026-05-17 15:22:25.272,10.0.0.6,10.0.0.25,1,6.0032,6,588,98.0,0.0,0.220196,normal
2026-05-17 15:22:26.281,10.0.0.5,10.0.0.25,1,3.0014,3,294,98.0,0.0,0.001495,normal
2026-05-17 15:22:26.281,10.0.0.10,10.0.0.25,1,3.0041,3,294,98.0,0.0,6.4e-05,normal
2026-05-17 15:22:26.281,10.0.0.3,10.0.0.25,1,6.0,6,588,98.0,0.0,0.209947,normal
2026-05-17 15:22:26.281,10.0.0.15,10.0.0.25,1,3.0,3,294,98.0,0.0,0.00132,normal
2026-05-17 15:22:26.281,10.0.0.12,10.0.0.25,1,14.7899,15,1470,98.0,0.0,0.08553,normal
2026-05-17 15:22:26.281,10.0.0.11,10.0.0.25,1,14.3701,15,1470,98.0,0.0,0.085937,normal
2026-05-17 15:22:26.281,10.0.0.3,10.0.0.8,0,2.998,3,294,98.0,0.0,0.000433,normal
2026-05-17 15:22:26.281,10.0.0.2,10.0.0.25,1,3.0001,3,294,98.0,0.0,0.000189,normal
2026-05-17 15:22:26.281,10.0.0.20,10.0.0.25,1,3.0,3,294,98.0,0.0,0.00092,normal
2026-05-17 15:22:26.281,10.0.0.6,10.0.0.25,1,6.0022,6,588,98.0,0.0,0.216846,normal
2026-05-17 15:22:27.290,10.0.0.5,10.0.0.25,1,3.001,3,294,98.0,0.0,0.035528,normal
2026-05-17 15:22:27.290,10.0.0.10,10.0.0.25,1,3.0028,3,294,98.0,0.0,0.005599,normal
2026-05-17 15:22:27.290,10.0.0.11,10.0.0.17,0,3.0,3,294,98.0,0.0,0.004876,normal
2026-05-17 15:22:27.290,10.0.0.3,10.0.0.25,1,6.0,6,588,98.0,0.0,0.20958,normal
2026-05-17 15:22:27.290,10.0.0.15,10.0.0.25,1,3.0,3,294,98.0,0.0,0.003135,normal
2026-05-17 15:22:27.290,10.0.0.12,10.0.0.25,1,14.8529,15,1470,98.0,0.0,0.07164,normal
2026-05-17 15:22:27.290,10.0.0.11,10.0.0.25,1,14.259,14,1372,98.0,0.0,0.074068,normal
2026-05-17 15:22:27.290,10.0.0.6,10.0.0.12,0,3.0,3,294,98.0,0.0,0.000113,normal
2026-05-17 15:22:27.290,10.0.0.2,10.0.0.25,1,3.0,3,294,98.0,0.0,0.001775,normal
2026-05-17 15:22:27.290,10.0.0.20,10.0.0.25,1,3.0,3,294,98.0,0.0,0.012453,normal
2026-05-17 15:22:27.290,10.0.0.6,10.0.0.25,1,6.0016,6,588,98.0,0.0,0.200087,normal
2026-05-17 15:22:28.300,10.0.0.5,10.0.0.25,1,3.0007,3,294,98.0,0.0,0.002049,normal
2026-05-17 15:22:28.300,10.0.0.10,10.0.0.25,1,3.002,3,294,98.0,0.0,0.000989,normal
2026-05-17 15:22:28.300,10.0.0.3,10.0.0.25,1,6.0,6,588,98.0,0.0,0.205333,normal
2026-05-17 15:22:28.300,10.0.0.15,10.0.0.25,1,3.0,3,294,98.0,0.0,0.002791,normal
2026-05-17 15:22:28.300,10.0.0.12,10.0.0.25,1,14.8971,15,1470,98.0,0.0,0.079614,normal
2026-05-17 15:22:28.300,10.0.0.11,10.0.0.25,1,14.4813,15,1470,98.0,0.0,0.082803,normal
2026-05-17 15:22:28.300,10.0.0.3,10.0.0.8,0,2.9986,3,294,98.0,0.0,0.00026,normal
2026-05-17 15:22:28.300,10.0.0.2,10.0.0.25,1,3.0,3,294,98.0,0.0,0.005087,normal
2026-05-17 15:22:28.300,10.0.0.20,10.0.0.25,1,3.0,3,294,98.0,0.0,0.000738,normal
2026-05-17 15:22:28.300,10.0.0.6,10.0.0.25,1,6.0011,6,588,98.0,0.0,0.208139,normal
2026-05-17 15:22:29.317,10.0.0.5,10.0.0.25,1,3.0005,3,294,98.0,0.0,0.000785,normal
2026-05-17 15:22:29.317,10.0.0.10,10.0.0.25,1,3.0014,3,294,98.0,0.0,0.006221,normal
2026-05-17 15:22:29.317,10.0.0.11,10.0.0.17,0,2.7,2,196,98.0,0.0,0.0,normal
2026-05-17 15:22:29.317,10.0.0.3,10.0.0.25,1,5.7,5,490,98.0,0.0,0.237638,normal
2026-05-17 15:22:29.317,10.0.0.15,10.0.0.25,1,3.0,3,294,98.0,0.0,0.000434,normal
2026-05-17 15:22:29.317,10.0.0.12,10.0.0.25,1,14.6279,14,1372,98.0,0.0,0.087614,normal
2026-05-17 15:22:29.317,10.0.0.11,10.0.0.25,1,14.3369,14,1372,98.0,0.0,0.087209,normal
2026-05-17 15:22:29.317,10.0.0.6,10.0.0.12,0,3.0,3,294,98.0,0.0,0.002571,normal
2026-05-17 15:22:29.317,10.0.0.2,10.0.0.25,1,3.0,3,294,98.0,0.0,0.009272,normal
2026-05-17 15:22:29.317,10.0.0.20,10.0.0.25,1,3.0,3,294,98.0,0.0,0.001364,normal
2026-05-17 15:22:29.317,10.0.0.6,10.0.0.25,1,6.0008,6,588,98.0,0.0,0.219852,normal
2026-05-17 15:22:30.322,10.0.0.5,10.0.0.25,1,3.0003,3,294,98.0,0.0,0.002334,normal
2026-05-17 15:22:30.322,10.0.0.10,10.0.0.25,1,3.001,3,294,98.0,0.0,0.003683,normal
2026-05-17 15:22:30.322,10.0.0.11,10.0.0.17,0,2.49,2,196,98.0,0.0,0.0,normal
2026-05-17 15:22:30.322,10.0.0.3,10.0.0.25,1,5.79,6,588,98.0,0.0,0.204958,normal
2026-05-17 15:22:30.322,10.0.0.15,10.0.0.25,1,3.0,3,294,98.0,0.0,0.00022,normal
2026-05-17 15:22:30.322,10.0.0.12,10.0.0.25,1,14.7396,15,1470,98.0,0.0,0.084325,normal
2026-05-17 15:22:30.322,10.0.0.11,10.0.0.25,1,14.5359,15,1470,98.0,0.0,0.085374,normal
2026-05-17 15:22:30.322,10.0.0.3,10.0.0.8,0,2.999,3,294,98.0,0.0,0.012426,normal
2026-05-17 15:22:30.322,10.0.0.2,10.0.0.25,1,3.0,3,294,98.0,0.0,0.000425,normal
2026-05-17 15:22:30.322,10.0.0.20,10.0.0.25,1,3.0,3,294,98.0,0.0,0.010302,normal
2026-05-17 15:22:30.322,10.0.0.6,10.0.0.25,1,6.0005,6,588,98.0,0.0,0.214301,normal
2026-05-17 15:22:31.341,10.0.0.5,10.0.0.25,1,3.0002,3,294,98.0,0.0,0.007864,normal
2026-05-17 15:22:31.341,10.0.0.10,10.0.0.25,1,3.0007,3,294,98.0,0.0,0.009607,normal
2026-05-17 15:22:31.341,10.0.0.11,10.0.0.17,0,2.043,1,98,98.0,0.0,0.0,normal
2026-05-17 15:22:31.341,10.0.0.3,10.0.0.25,1,6.453,8,784,98.0,0.0,0.224383,normal
2026-05-17 15:22:31.341,10.0.0.15,10.0.0.25,1,3.0,3,294,98.0,0.0,0.001792,normal
2026-05-17 15:22:31.341,10.0.0.12,10.0.0.25,1,14.8177,15,1470,98.0,0.0,0.083156,normal
2026-05-17 15:22:31.341,10.0.0.11,10.0.0.25,1,14.6751,15,1470,98.0,0.0,0.086965,normal
2026-05-17 15:22:31.341,10.0.0.6,10.0.0.12,0,3.0,3,294,98.0,0.0,0.002705,normal
2026-05-17 15:22:31.341,10.0.0.2,10.0.0.25,1,3.0,3,294,98.0,0.0,0.00169,normal
2026-05-17 15:22:31.341,10.0.0.20,10.0.0.25,1,3.0,3,294,98.0,0.0,0.000336,normal
2026-05-17 15:22:31.341,10.0.0.6,10.0.0.25,1,6.0004,6,588,98.0,0.0,0.22039,normal
2026-05-17 15:22:32.352,10.0.0.5,10.0.0.25,1,3.0002,3,294,98.0,0.0,0.000671,normal
2026-05-17 15:22:32.352,10.0.0.10,10.0.0.25,1,3.0005,3,294,98.0,0.0,0.000128,normal
2026-05-17 15:22:32.352,10.0.0.11,10.0.0.17,0,2.3301,3,294,98.0,0.0,0.000686,normal
2026-05-17 15:22:32.352,10.0.0.3,10.0.0.25,1,6.3171,6,588,98.0,0.0,0.219312,normal
2026-05-17 15:22:32.352,10.0.0.15,10.0.0.25,1,3.0,3,294,98.0,0.0,0.002378,normal
2026-05-17 15:22:32.352,10.0.0.12,10.0.0.25,1,15.1724,16,1568,98.0,0.0,0.086241,normal
2026-05-17 15:22:32.352,10.0.0.11,10.0.0.25,1,13.8726,12,1176,98.0,0.0,0.081526,normal
2026-05-17 15:22:32.352,10.0.0.3,10.0.0.8,0,2.9993,3,294,98.0,0.0,0.001046,normal
2026-05-17 15:22:32.352,10.0.0.2,10.0.0.25,1,3.0,3,294,98.0,0.0,0.000694,normal
2026-05-17 15:22:32.352,10.0.0.20,10.0.0.25,1,3.0,3,294,98.0,0.0,0.001573,normal
2026-05-17 15:22:32.352,10.0.0.6,10.0.0.25,1,6.0003,6,588,98.0,0.0,0.209103,normal
2026-05-17 15:22:33.369,10.0.0.5,10.0.0.25,1,3.0001,3,294,98.0,0.0,0.000669,normal
2026-05-17 15:22:33.369,10.0.0.10,10.0.0.25,1,3.0003,3,294,98.0,0.0,0.005995,normal
2026-05-17 15:22:33.369,10.0.0.3,10.0.0.25,1,6.222,6,588,98.0,0.0,0.220997,normal
2026-05-17 15:22:33.369,10.0.0.15,10.0.0.25,1,3.0,3,294,98.0,0.0,0.006192,normal
2026-05-17 15:22:33.369,10.0.0.12,10.0.0.25,1,15.4207,16,1568,98.0,0.0,0.091005,normal
2026-05-17 15:22:33.369,10.0.0.6,10.0.0.12,0,3.0,3,294,98.0,0.0,0.000922,normal
2026-05-17 15:22:33.369,10.0.0.2,10.0.0.25,1,3.0,3,294,98.0,0.0,0.00062,normal
2026-05-17 15:22:33.369,10.0.0.20,10.0.0.25,1,3.0,3,294,98.0,0.0,0.009772,normal
2026-05-17 15:22:33.369,10.0.0.6,10.0.0.25,1,6.0002,6,588,98.0,0.0,0.21647,normal
2026-05-17 15:22:34.385,10.0.0.5,10.0.0.25,1,3.0001,3,294,98.0,0.0,0.001198,normal
2026-05-17 15:22:34.385,10.0.0.10,10.0.0.25,1,3.0002,3,294,98.0,0.0,0.000458,normal
2026-05-17 15:22:34.385,10.0.0.3,10.0.0.25,1,6.1554,6,588,98.0,0.0,0.214631,normal
2026-05-17 15:22:34.385,10.0.0.15,10.0.0.25,1,3.0,3,294,98.0,0.0,0.001426,normal
2026-05-17 15:22:34.385,10.0.0.12,10.0.0.25,1,15.2945,15,1470,98.0,0.0,0.086567,normal
2026-05-17 15:22:34.385,10.0.0.3,10.0.0.8,0,2.9995,3,294,98.0,0.0,0.003285,normal
2026-05-17 15:22:34.385,10.0.0.2,10.0.0.25,1,3.0,3,294,98.0,0.0,0.000421,normal
2026-05-17 15:22:34.385,10.0.0.20,10.0.0.25,1,3.0,3,294,98.0,0.0,0.000216,normal
2026-05-17 15:22:34.385,10.0.0.6,10.0.0.25,1,6.0001,6,588,98.0,0.0,0.223521,normal
2026-05-17 15:22:35.396,10.0.0.5,10.0.0.25,1,3.0001,3,294,98.0,0.0,0.001287,normal
2026-05-17 15:22:35.396,10.0.0.10,10.0.0.25,1,3.0002,3,294,98.0,0.0,0.003551,normal
2026-05-17 15:22:35.396,10.0.0.3,10.0.0.25,1,6.1088,6,588,98.0,0.0,0.206581,normal
2026-05-17 15:22:35.396,10.0.0.15,10.0.0.25,1,3.0,3,294,98.0,0.0,0.004124,normal
2026-05-17 15:22:35.396,10.0.0.12,10.0.0.25,1,14.6061,13,1274,98.0,0.0,0.082294,normal
2026-05-17 15:22:35.396,10.0.0.6,10.0.0.12,0,3.0,3,294,98.0,0.0,0.004002,normal
2026-05-17 15:22:35.396,10.0.0.2,10.0.0.25,1,3.0,3,294,98.0,0.0,0.001379,normal
2026-05-17 15:22:35.396,10.0.0.20,10.0.0.25,1,3.0,3,294,98.0,0.0,0.00274,normal
2026-05-17 15:22:35.396,10.0.0.6,10.0.0.25,1,6.0001,6,588,98.0,0.0,0.206555,normal
2026-05-17 15:22:36.405,10.0.0.5,10.0.0.25,1,3.0,3,294,98.0,0.0,0.000307,normal
2026-05-17 15:22:36.405,10.0.0.10,10.0.0.25,1,3.0001,3,294,98.0,0.0,0.003168,normal
2026-05-17 15:22:36.405,10.0.0.3,10.0.0.25,1,6.0761,6,588,98.0,0.0,0.219544,normal
2026-05-17 15:22:36.405,10.0.0.15,10.0.0.25,1,3.0,3,294,98.0,0.0,0.003108,normal
2026-05-17 15:22:36.405,10.0.0.12,10.0.0.25,1,15.3243,17,1666,98.0,0.0,0.080056,normal
2026-05-17 15:22:36.405,10.0.0.3,10.0.0.8,0,2.9997,3,294,98.0,0.0,0.000285,normal
2026-05-17 15:22:36.405,10.0.0.2,10.0.0.25,1,3.0,3,294,98.0,0.0,0.010361,normal
2026-05-17 15:22:36.405,10.0.0.20,10.0.0.25,1,3.0,3,294,98.0,0.0,0.008808,normal
2026-05-17 15:22:36.405,10.0.0.6,10.0.0.25,1,6.0001,6,588,98.0,0.0,0.210808,normal
2026-05-17 15:22:37.414,10.0.0.5,10.0.0.25,1,3.0,3,294,98.0,0.0,0.005216,normal
2026-05-17 15:22:37.414,10.0.0.10,10.0.0.25,1,3.0001,3,294,98.0,0.0,0.002508,normal
2026-05-17 15:22:37.414,10.0.0.3,10.0.0.25,1,6.0533,6,588,98.0,0.0,0.196993,normal
2026-05-17 15:22:37.414,10.0.0.15,10.0.0.25,1,3.0,3,294,98.0,0.0,0.00546,normal
2026-05-17 15:22:37.414,10.0.0.12,10.0.0.25,1,14.627,13,1274,98.0,0.0,0.080465,normal
2026-05-17 15:22:37.414,10.0.0.6,10.0.0.12,0,3.0,3,294,98.0,0.0,0.005659,normal
2026-05-17 15:22:37.414,10.0.0.2,10.0.0.25,1,3.0,3,294,98.0,0.0,0.006741,normal
2026-05-17 15:22:37.414,10.0.0.20,10.0.0.25,1,3.0,3,294,98.0,0.0,0.008544,normal
2026-05-17 15:22:37.414,10.0.0.6,10.0.0.25,1,6.0,6,588,98.0,0.0,0.193077,normal
2026-05-17 15:22:38.424,10.0.0.5,10.0.0.25,1,3.0,3,294,98.0,0.0,0.000215,normal
2026-05-17 15:22:38.424,10.0.0.10,10.0.0.25,1,3.0001,3,294,98.0,0.0,0.000561,normal
2026-05-17 15:22:38.424,10.0.0.3,10.0.0.25,1,6.0373,6,588,98.0,0.0,0.215569,normal
2026-05-17 15:22:38.424,10.0.0.15,10.0.0.25,1,3.0,3,294,98.0,0.0,0.000292,normal
2026-05-17 15:22:38.424,10.0.0.12,10.0.0.25,1,14.7389,15,1470,98.0,0.0,0.091334,normal
2026-05-17 15:22:38.424,10.0.0.3,10.0.0.8,0,2.9998,3,294,98.0,0.0,0.000217,normal
2026-05-17 15:22:38.424,10.0.0.2,10.0.0.25,1,3.0,3,294,98.0,0.0,0.001167,normal
2026-05-17 15:22:38.424,10.0.0.20,10.0.0.25,1,3.0,3,294,98.0,0.0,0.001505,normal
2026-05-17 15:22:38.424,10.0.0.6,10.0.0.25,1,6.0,6,588,98.0,0.0,0.220071,normal
2026-05-17 15:22:39.445,10.0.0.5,10.0.0.25,1,3.0,3,294,98.0,0.0,0.007416,normal
2026-05-17 15:22:39.445,10.0.0.10,10.0.0.25,1,3.0,3,294,98.0,0.0,0.007428,normal
2026-05-17 15:22:39.445,10.0.0.3,10.0.0.25,1,6.0261,6,588,98.0,0.0,0.208091,normal
2026-05-17 15:22:39.445,10.0.0.15,10.0.0.25,1,3.3,4,392,98.0,0.0,0.545109,normal
2026-05-17 15:22:39.445,10.0.0.12,10.0.0.25,1,15.1172,16,1568,98.0,0.0,0.088395,normal
2026-05-17 15:22:39.445,10.0.0.6,10.0.0.12,0,3.0,3,294,98.0,0.0,0.001098,normal
2026-05-17 15:22:39.445,10.0.0.2,10.0.0.25,1,3.0,3,294,98.0,0.0,0.006323,normal
2026-05-17 15:22:39.445,10.0.0.20,10.0.0.25,1,3.3,4,392,98.0,0.0,0.544627,normal
2026-05-17 15:22:39.445,10.0.0.6,10.0.0.25,1,6.0,6,588,98.0,0.0,0.219095,normal
2026-05-17 15:22:40.451,10.0.0.5,10.0.0.25,1,3.0,3,294,98.0,0.0,0.00616,normal
2026-05-17 15:22:40.451,10.0.0.10,10.0.0.25,1,3.0,3,294,98.0,0.0,2.8e-05,normal
2026-05-17 15:22:40.451,10.0.0.3,10.0.0.25,1,6.0183,6,588,98.0,0.0,0.213929,normal
2026-05-17 15:22:40.451,10.0.0.15,10.0.0.25,1,3.21,3,294,98.0,0.0,0.693621,normal
2026-05-17 15:22:40.451,10.0.0.12,10.0.0.25,1,15.0821,15,1470,98.0,0.0,0.091233,normal
2026-05-17 15:22:40.451,10.0.0.3,10.0.0.8,0,2.9998,3,294,98.0,0.0,0.000552,normal
2026-05-17 15:22:40.451,10.0.0.2,10.0.0.25,1,3.0,3,294,98.0,0.0,0.000877,normal
2026-05-17 15:22:40.451,10.0.0.20,10.0.0.25,1,3.21,3,294,98.0,0.0,0.69324,normal
2026-05-17 15:22:40.451,10.0.0.6,10.0.0.25,1,6.0,6,588,98.0,0.0,0.215897,normal
2026-05-17 15:22:41.472,10.0.0.5,10.0.0.25,1,3.0,3,294,98.0,0.0,0.001262,normal
2026-05-17 15:22:41.472,10.0.0.10,10.0.0.25,1,3.0,3,294,98.0,0.0,0.018306,normal
2026-05-17 15:22:41.472,10.0.0.3,10.0.0.25,1,5.7128,5,490,98.0,0.0,0.273612,normal
2026-05-17 15:22:41.472,10.0.0.15,10.0.0.25,1,2.547,1,98,98.0,0.0,0.0,normal
2026-05-17 15:22:41.472,10.0.0.12,10.0.0.25,1,14.4574,13,1274,98.0,0.0,0.087359,normal
2026-05-17 15:22:41.472,10.0.0.6,10.0.0.12,0,3.0,3,294,98.0,0.0,0.000674,normal
2026-05-17 15:22:41.472,10.0.0.2,10.0.0.25,1,3.0,3,294,98.0,0.0,0.00506,normal
2026-05-17 15:22:41.472,10.0.0.20,10.0.0.25,1,2.847,2,196,98.0,0.0,0.0,normal
2026-05-17 15:22:41.472,10.0.0.6,10.0.0.25,1,6.0,6,588,98.0,0.0,0.210655,normal
2026-05-17 15:22:42.509,10.0.0.5,10.0.0.25,1,3.0,3,294,98.0,0.0,4.6e-05,normal
2026-05-17 15:22:42.509,10.0.0.10,10.0.0.25,1,3.0,3,294,98.0,0.0,3.1e-05,normal
2026-05-17 15:22:42.509,10.0.0.3,10.0.0.25,1,6.099,7,686,98.0,0.0,0.21846,normal
2026-05-17 15:22:42.509,10.0.0.15,10.0.0.25,1,3.2829,5,490,98.0,0.0,0.437021,normal
2026-05-17 15:22:42.509,10.0.0.12,10.0.0.25,1,14.3202,14,1372,98.0,0.0,0.083305,normal
2026-05-17 15:22:42.509,10.0.0.3,10.0.0.8,0,2.9999,3,294,98.0,0.0,7.1e-05,normal
2026-05-17 15:22:42.509,10.0.0.2,10.0.0.25,1,3.0,3,294,98.0,0.0,0.000921,normal
2026-05-17 15:22:42.509,10.0.0.20,10.0.0.25,1,3.4929,5,490,98.0,0.0,0.431036,normal
2026-05-17 15:22:42.509,10.0.0.6,10.0.0.25,1,6.0,6,588,98.0,0.0,0.201856,normal
2026-05-17 15:22:43.516,10.0.0.5,10.0.0.25,1,3.0,3,294,98.0,0.0,0.001703,normal
2026-05-17 15:22:43.516,10.0.0.10,10.0.0.25,1,3.0,3,294,98.0,0.0,0.0016,normal
2026-05-17 15:22:43.516,10.0.0.3,10.0.0.25,1,6.0693,6,588,98.0,0.0,0.240215,normal
2026-05-17 15:22:43.516,10.0.0.15,10.0.0.25,1,3.198,3,294,98.0,0.0,0.0042,normal
2026-05-17 15:22:43.516,10.0.0.6,10.0.0.12,0,3.0,3,294,98.0,0.0,8.9e-05,normal
2026-05-17 15:22:43.516,10.0.0.2,10.0.0.25,1,3.0,3,294,98.0,0.0,5.5e-05,normal
2026-05-17 15:22:43.516,10.0.0.20,10.0.0.25,1,3.345,3,294,98.0,0.0,0.001248,normal
2026-05-17 15:22:43.516,10.0.0.6,10.0.0.25,1,6.0,6,588,98.0,0.0,0.22153,normal
2026-05-17 15:22:44.520,10.0.0.5,10.0.0.25,1,3.0,3,294,98.0,0.0,0.000701,normal
2026-05-17 15:22:44.520,10.0.0.10,10.0.0.25,1,3.0,3,294,98.0,0.0,0.008348,normal
2026-05-17 15:22:44.520,10.0.0.3,10.0.0.25,1,6.0485,6,588,98.0,0.0,0.221466,normal
2026-05-17 15:22:44.520,10.0.0.15,10.0.0.25,1,3.1386,3,294,98.0,0.0,0.000367,normal
2026-05-17 15:22:44.520,10.0.0.3,10.0.0.8,0,2.9999,3,294,98.0,0.0,0.000309,normal
2026-05-17 15:22:44.520,10.0.0.2,10.0.0.25,1,3.0,3,294,98.0,0.0,0.00265,normal
2026-05-17 15:22:44.520,10.0.0.20,10.0.0.25,1,3.2415,3,294,98.0,0.0,0.000197,normal
2026-05-17 15:22:44.520,10.0.0.6,10.0.0.25,1,6.0,6,588,98.0,0.0,0.220477,normal
2026-05-17 15:22:45.527,10.0.0.5,10.0.0.25,1,3.0,3,294,98.0,0.0,0.00021,normal
2026-05-17 15:22:45.527,10.0.0.10,10.0.0.25,1,3.0,3,294,98.0,0.0,0.011351,normal
2026-05-17 15:22:45.527,10.0.0.3,10.0.0.25,1,6.0339,6,588,98.0,0.0,0.219232,normal
2026-05-17 15:22:45.527,10.0.0.15,10.0.0.25,1,3.097,3,294,98.0,0.0,0.002461,normal
2026-05-17 15:22:45.527,10.0.0.6,10.0.0.12,0,3.0,3,294,98.0,0.0,0.000466,normal
2026-05-17 15:22:45.527,10.0.0.2,10.0.0.25,1,3.0,3,294,98.0,0.0,0.000157,normal
2026-05-17 15:22:45.527,10.0.0.20,10.0.0.25,1,3.1691,3,294,98.0,0.0,0.0026,normal
2026-05-17 15:22:45.527,10.0.0.6,10.0.0.25,1,6.0,6,588,98.0,0.0,0.221771,normal
2026-05-17 15:22:46.535,10.0.0.5,10.0.0.25,1,3.0,3,294,98.0,0.0,0.00033,normal
2026-05-17 15:22:46.535,10.0.0.10,10.0.0.25,1,3.0,3,294,98.0,0.0,0.000676,normal
2026-05-17 15:22:46.535,10.0.0.3,10.0.0.25,1,6.0238,6,588,98.0,0.0,0.218791,normal
2026-05-17 15:22:46.535,10.0.0.15,10.0.0.25,1,3.0679,3,294,98.0,0.0,0.002305,normal
2026-05-17 15:22:46.535,10.0.0.3,10.0.0.8,0,2.9999,3,294,98.0,0.0,0.00064,normal
2026-05-17 15:22:46.535,10.0.0.2,10.0.0.25,1,3.0,3,294,98.0,0.0,0.000948,normal
2026-05-17 15:22:46.535,10.0.0.20,10.0.0.25,1,3.1183,3,294,98.0,0.0,0.000294,normal
2026-05-17 15:22:46.535,10.0.0.6,10.0.0.25,1,6.0,6,588,98.0,0.0,0.218377,normal
2026-05-17 15:22:47.542,10.0.0.5,10.0.0.25,1,3.0,3,294,98.0,0.0,0.000346,normal
2026-05-17 15:22:47.542,10.0.0.10,10.0.0.25,1,3.0,3,294,98.0,0.0,3.2e-05,normal
2026-05-17 15:22:47.542,10.0.0.3,10.0.0.25,1,6.0166,6,588,98.0,0.0,0.218379,normal
2026-05-17 15:22:47.542,10.0.0.15,10.0.0.25,1,3.0475,3,294,98.0,0.0,0.002333,normal
2026-05-17 15:22:47.542,10.0.0.6,10.0.0.12,0,3.0,3,294,98.0,0.0,0.004756,normal
2026-05-17 15:22:47.542,10.0.0.2,10.0.0.25,1,3.0,3,294,98.0,0.0,0.00051,normal
2026-05-17 15:22:47.542,10.0.0.20,10.0.0.25,1,3.0828,3,294,98.0,0.0,0.000901,normal
2026-05-17 15:22:47.542,10.0.0.6,10.0.0.25,1,6.0,6,588,98.0,0.0,0.215273,normal
2026-05-17 15:22:48.548,10.0.0.5,10.0.0.25,1,3.0,3,294,98.0,0.0,0.002325,normal
2026-05-17 15:22:48.548,10.0.0.10,10.0.0.25,1,3.0,3,294,98.0,0.0,0.001176,normal
2026-05-17 15:22:48.548,10.0.0.3,10.0.0.25,1,6.0116,6,588,98.0,0.0,0.218862,normal
2026-05-17 15:22:48.548,10.0.0.15,10.0.0.25,1,3.0333,3,294,98.0,0.0,0.003075,normal
2026-05-17 15:22:48.548,10.0.0.3,10.0.0.8,0,3.0,3,294,98.0,0.0,0.004824,normal
2026-05-17 15:22:48.548,10.0.0.2,10.0.0.25,1,3.0,3,294,98.0,0.0,0.000633,normal
2026-05-17 15:22:48.548,10.0.0.20,10.0.0.25,1,3.058,3,294,98.0,0.0,0.003538,normal
2026-05-17 15:22:48.548,10.0.0.6,10.0.0.25,1,6.0,6,588,98.0,0.0,0.218513,normal
2026-05-17 15:22:49.556,10.0.0.5,10.0.0.25,1,3.0,3,294,98.0,0.0,0.005123,normal
2026-05-17 15:22:49.556,10.0.0.10,10.0.0.25,1,3.0,3,294,98.0,0.0,0.007485,normal
2026-05-17 15:22:49.556,10.0.0.3,10.0.0.25,1,6.0081,6,588,98.0,0.0,0.218004,normal
2026-05-17 15:22:49.556,10.0.0.15,10.0.0.25,1,3.0233,3,294,98.0,0.0,0.004944,normal
2026-05-17 15:22:49.556,10.0.0.6,10.0.0.12,0,3.0,3,294,98.0,0.0,0.000485,normal
2026-05-17 15:22:49.556,10.0.0.2,10.0.0.25,1,3.0,3,294,98.0,0.0,0.003932,normal
2026-05-17 15:22:49.556,10.0.0.20,10.0.0.25,1,3.0406,3,294,98.0,0.0,0.001059,normal
2026-05-17 15:22:49.556,10.0.0.6,10.0.0.25,1,6.0,6,588,98.0,0.0,0.218819,normal
2026-05-17 15:22:50.561,10.0.0.5,10.0.0.25,1,3.0,3,294,98.0,0.0,0.00049,normal
2026-05-17 15:22:50.561,10.0.0.10,10.0.0.25,1,3.0,3,294,98.0,0.0,0.008307,normal
2026-05-17 15:22:50.561,10.0.0.3,10.0.0.25,1,6.0057,6,588,98.0,0.0,0.212601,normal
2026-05-17 15:22:50.561,10.0.0.15,10.0.0.25,1,3.0163,3,294,98.0,0.0,0.001889,normal
2026-05-17 15:22:50.561,10.0.0.3,10.0.0.8,0,3.0,3,294,98.0,0.0,0.002584,normal
2026-05-17 15:22:50.561,10.0.0.2,10.0.0.25,1,3.0,3,294,98.0,0.0,0.000516,normal
2026-05-17 15:22:50.561,10.0.0.20,10.0.0.25,1,3.0284,3,294,98.0,0.0,0.000281,normal
2026-05-17 15:22:50.561,10.0.0.6,10.0.0.25,1,6.0,6,588,98.0,0.0,0.216553,normal
2026-05-17 15:22:51.568,10.0.0.5,10.0.0.25,1,3.0,3,294,98.0,0.0,0.001698,normal
2026-05-17 15:22:51.568,10.0.0.10,10.0.0.25,1,3.0,3,294,98.0,0.0,0.000595,normal
2026-05-17 15:22:51.568,10.0.0.3,10.0.0.25,1,6.004,6,588,98.0,0.0,0.217648,normal
2026-05-17 15:22:51.568,10.0.0.15,10.0.0.25,1,3.0114,3,294,98.0,0.0,8.6e-05,normal
2026-05-17 15:22:51.568,10.0.0.6,10.0.0.12,0,3.0,3,294,98.0,0.0,0.004475,normal
2026-05-17 15:22:51.568,10.0.0.2,10.0.0.25,1,3.0,3,294,98.0,0.0,0.001885,normal
2026-05-17 15:22:51.568,10.0.0.20,10.0.0.25,1,3.0199,3,294,98.0,0.0,0.001239,normal
2026-05-17 15:22:51.568,10.0.0.6,10.0.0.25,1,6.0,6,588,98.0,0.0,0.215999,normal
2026-05-17 15:22:52.579,10.0.0.5,10.0.0.25,1,3.0,3,294,98.0,0.0,0.003317,normal
2026-05-17 15:22:52.579,10.0.0.10,10.0.0.25,1,3.0,3,294,98.0,0.0,0.000423,normal
2026-05-17 15:22:52.579,10.0.0.3,10.0.0.25,1,6.0028,6,588,98.0,0.0,0.219023,normal
2026-05-17 15:22:52.579,10.0.0.15,10.0.0.25,1,3.008,3,294,98.0,0.0,0.006137,normal
2026-05-17 15:22:52.579,10.0.0.7,10.0.0.25,1,13.23,42,4116,98.0,0.0,0.016921,normal
2026-05-17 15:22:52.579,10.0.0.3,10.0.0.8,0,3.0,3,294,98.0,0.0,0.003759,normal
2026-05-17 15:22:52.579,10.0.0.2,10.0.0.25,1,3.0,3,294,98.0,0.0,0.001666,normal
2026-05-17 15:22:52.579,10.0.0.20,10.0.0.25,1,3.0139,3,294,98.0,0.0,0.001297,normal
2026-05-17 15:22:52.579,10.0.0.6,10.0.0.25,1,6.0,6,588,98.0,0.0,0.218977,normal
2026-05-17 15:22:53.584,10.0.0.5,10.0.0.25,1,3.0,3,294,98.0,0.0,0.000459,normal
2026-05-17 15:22:53.584,10.0.0.10,10.0.0.25,1,3.0,3,294,98.0,0.0,0.000425,normal
2026-05-17 15:22:53.584,10.0.0.3,10.0.0.25,1,6.002,6,588,98.0,0.0,0.222349,normal
2026-05-17 15:22:53.584,10.0.0.15,10.0.0.25,1,3.0056,3,294,98.0,0.0,0.005612,normal
2026-05-17 15:22:53.584,10.0.0.7,10.0.0.25,1,26.361,57,5586,98.0,0.0,0.019298,normal
2026-05-17 15:22:53.584,10.0.0.6,10.0.0.12,0,3.0,3,294,98.0,0.0,0.001298,normal
2026-05-17 15:22:53.584,10.0.0.2,10.0.0.25,1,3.0,3,294,98.0,0.0,0.000551,normal
2026-05-17 15:22:53.584,10.0.0.20,10.0.0.25,1,3.0097,3,294,98.0,0.0,0.000426,normal
2026-05-17 15:22:53.584,10.0.0.6,10.0.0.25,1,6.0,6,588,98.0,0.0,0.217139,normal
2026-05-17 15:22:54.594,10.0.0.5,10.0.0.25,1,3.0,3,294,98.0,0.0,0.000316,normal
2026-05-17 15:22:54.594,10.0.0.10,10.0.0.25,1,3.0,3,294,98.0,0.0,0.000248,normal
2026-05-17 15:22:54.594,10.0.0.3,10.0.0.25,1,6.0014,6,588,98.0,0.0,0.213941,normal
2026-05-17 15:22:54.594,10.0.0.15,10.0.0.25,1,3.0039,3,294,98.0,0.0,0.005189,normal
2026-05-17 15:22:54.594,10.0.0.7,10.0.0.25,1,36.4527,60,5880,98.0,0.0,0.015537,normal
2026-05-17 15:22:54.594,10.0.0.3,10.0.0.8,0,3.0,3,294,98.0,0.0,0.001091,normal
2026-05-17 15:22:54.594,10.0.0.2,10.0.0.25,1,3.0,3,294,98.0,0.0,0.000695,normal
2026-05-17 15:22:54.594,10.0.0.20,10.0.0.25,1,3.0068,3,294,98.0,0.0,0.004277,normal
2026-05-17 15:22:54.594,10.0.0.6,10.0.0.25,1,6.0,6,588,98.0,0.0,0.222843,normal
2026-05-17 15:22:55.606,10.0.0.5,10.0.0.25,1,3.0,3,294,98.0,0.0,0.001175,normal
2026-05-17 15:22:55.606,10.0.0.10,10.0.0.25,1,3.0,3,294,98.0,0.0,0.001636,normal
2026-05-17 15:22:55.606,10.0.0.3,10.0.0.25,1,6.001,6,588,98.0,0.0,0.218292,normal
2026-05-17 15:22:55.606,10.0.0.15,10.0.0.25,1,3.0027,3,294,98.0,0.0,0.003574,normal
2026-05-17 15:22:55.606,10.0.0.7,10.0.0.25,1,42.6169,57,5586,98.0,0.0,0.013473,normal
2026-05-17 15:22:55.606,10.0.0.6,10.0.0.12,0,3.0,3,294,98.0,0.0,0.001187,normal
2026-05-17 15:22:55.606,10.0.0.2,10.0.0.25,1,3.0,3,294,98.0,0.0,0.002318,normal
2026-05-17 15:22:55.606,10.0.0.20,10.0.0.25,1,3.0048,3,294,98.0,0.0,0.001541,normal
2026-05-17 15:22:55.606,10.0.0.6,10.0.0.25,1,6.0,6,588,98.0,0.0,0.215295,normal
2026-05-17 15:22:56.615,10.0.0.5,10.0.0.25,1,3.0,3,294,98.0,0.0,0.000533,normal
2026-05-17 15:22:56.615,10.0.0.10,10.0.0.25,1,3.0,3,294,98.0,0.0,0.00584,normal
2026-05-17 15:22:56.615,10.0.0.3,10.0.0.25,1,6.0007,6,588,98.0,0.0,0.212434,normal
2026-05-17 15:22:56.615,10.0.0.15,10.0.0.25,1,3.0019,3,294,98.0,0.0,0.009367,normal
2026-05-17 15:22:56.615,10.0.0.7,10.0.0.25,1,47.8318,60,5880,98.0,0.0,0.01633,normal
2026-05-17 15:22:56.615,10.0.0.3,10.0.0.8,0,3.0,3,294,98.0,0.0,0.002831,normal
2026-05-17 15:22:56.615,10.0.0.2,10.0.0.25,1,3.0,3,294,98.0,0.0,0.006337,normal
2026-05-17 15:22:56.615,10.0.0.20,10.0.0.25,1,3.0033,3,294,98.0,0.0,0.002583,normal
2026-05-17 15:22:56.615,10.0.0.6,10.0.0.25,1,6.0,6,588,98.0,0.0,0.212865,normal
2026-05-17 15:22:57.635,10.0.0.5,10.0.0.25,1,3.0,3,294,98.0,0.0,0.00148,normal
2026-05-17 15:22:57.635,10.0.0.10,10.0.0.25,1,3.0,3,294,98.0,0.0,0.001567,normal
2026-05-17 15:22:57.635,10.0.0.3,10.0.0.25,1,6.0005,6,588,98.0,0.0,0.217012,normal
2026-05-17 15:22:57.635,10.0.0.15,10.0.0.25,1,3.0013,3,294,98.0,0.0,0.000803,normal
2026-05-17 15:22:57.635,10.0.0.7,10.0.0.25,1,51.4823,60,5880,98.0,0.0,0.016369,normal
2026-05-17 15:22:57.635,10.0.0.6,10.0.0.12,0,3.0,3,294,98.0,0.0,0.001744,normal
2026-05-17 15:22:57.635,10.0.0.2,10.0.0.25,1,3.0,3,294,98.0,0.0,0.000918,normal
2026-05-17 15:22:57.635,10.0.0.20,10.0.0.25,1,3.0023,3,294,98.0,0.0,0.000691,normal
2026-05-17 15:22:57.635,10.0.0.6,10.0.0.25,1,6.0,6,588,98.0,0.0,0.209713,normal
2026-05-17 15:22:58.638,10.0.0.5,10.0.0.25,1,3.0,3,294,98.0,0.0,0.000817,normal
2026-05-17 15:22:58.638,10.0.0.10,10.0.0.25,1,3.0,3,294,98.0,0.0,0.003046,normal
2026-05-17 15:22:58.638,10.0.0.3,10.0.0.25,1,6.0003,6,588,98.0,0.0,0.22364,normal
2026-05-17 15:22:58.638,10.0.0.15,10.0.0.25,1,3.0009,3,294,98.0,0.0,0.000969,normal
2026-05-17 15:22:58.638,10.0.0.7,10.0.0.25,1,53.1376,57,5586,98.0,0.0,0.018728,normal
2026-05-17 15:22:58.638,10.0.0.3,10.0.0.8,0,3.0,3,294,98.0,0.0,0.00058,normal
2026-05-17 15:22:58.638,10.0.0.2,10.0.0.25,1,3.0,3,294,98.0,0.0,0.001172,normal
2026-05-17 15:22:58.638,10.0.0.14,10.0.0.25,1,12.33,39,3822,98.0,0.0,0.028759,normal
2026-05-17 15:22:58.638,10.0.0.20,10.0.0.25,1,3.0016,3,294,98.0,0.0,2.9e-05,normal
2026-05-17 15:22:58.638,10.0.0.6,10.0.0.25,1,6.0,6,588,98.0,0.0,0.21703,normal
2026-05-17 15:22:59.647,10.0.0.5,10.0.0.25,1,3.0,3,294,98.0,0.0,0.00166,normal
2026-05-17 15:22:59.647,10.0.0.10,10.0.0.25,1,3.0,3,294,98.0,0.0,0.000421,normal
2026-05-17 15:22:59.647,10.0.0.3,10.0.0.25,1,6.0002,6,588,98.0,0.0,0.215905,normal
2026-05-17 15:22:59.647,10.0.0.15,10.0.0.25,1,3.0007,3,294,98.0,0.0,0.00303,normal
2026-05-17 15:22:59.647,10.0.0.7,10.0.0.25,1,54.5963,58,5684,98.0,0.0,0.018948,normal
2026-05-17 15:22:59.647,10.0.0.6,10.0.0.12,0,3.0,3,294,98.0,0.0,0.003589,normal
2026-05-17 15:22:59.647,10.0.0.2,10.0.0.25,1,3.0,3,294,98.0,0.0,0.000342,normal
2026-05-17 15:22:59.647,10.0.0.14,10.0.0.25,1,21.231,42,4116,98.0,0.0,0.026996,normal
2026-05-17 15:22:59.647,10.0.0.20,10.0.0.25,1,3.0011,3,294,98.0,0.0,0.000932,normal
2026-05-17 15:22:59.647,10.0.0.6,10.0.0.25,1,6.0,6,588,98.0,0.0,0.215267,normal
2026-05-17 15:23:00.655,10.0.0.5,10.0.0.25,1,3.0,3,294,98.0,0.0,0.001963,normal
2026-05-17 15:23:00.655,10.0.0.10,10.0.0.25,1,3.0,3,294,98.0,0.0,0.0011,normal
2026-05-17 15:23:00.655,10.0.0.3,10.0.0.25,1,6.0002,6,588,98.0,0.0,0.211295,normal
2026-05-17 15:23:00.655,10.0.0.15,10.0.0.25,1,3.0005,3,294,98.0,0.0,0.002144,normal
2026-05-17 15:23:00.655,10.0.0.7,10.0.0.25,1,55.9174,59,5782,98.0,0.0,0.015538,normal
2026-05-17 15:23:00.655,10.0.0.3,10.0.0.8,0,3.0,3,294,98.0,0.0,0.002695,normal
2026-05-17 15:23:00.655,10.0.0.2,10.0.0.25,1,3.0,3,294,98.0,0.0,0.002311,normal
2026-05-17 15:23:00.655,10.0.0.14,10.0.0.25,1,27.4617,42,4116,98.0,0.0,0.02692,normal
2026-05-17 15:23:00.655,10.0.0.20,10.0.0.25,1,3.0008,3,294,98.0,0.0,0.000581,normal
2026-05-17 15:23:00.655,10.0.0.6,10.0.0.25,1,6.3,7,686,98.0,0.0,0.244639,normal
2026-05-17 15:23:01.662,10.0.0.5,10.0.0.25,1,3.0,3,294,98.0,0.0,0.000497,normal
2026-05-17 15:23:01.662,10.0.0.10,10.0.0.25,1,3.0,3,294,98.0,0.0,0.000442,normal
2026-05-17 15:23:01.662,10.0.0.3,10.0.0.25,1,6.0001,6,588,98.0,0.0,0.223286,normal
2026-05-17 15:23:01.662,10.0.0.15,10.0.0.25,1,3.0003,3,294,98.0,0.0,0.001677,normal
2026-05-17 15:23:01.662,10.0.0.7,10.0.0.25,1,56.8422,59,5782,98.0,0.0,0.016926,normal
2026-05-17 15:23:01.662,10.0.0.6,10.0.0.12,0,3.0,3,294,98.0,0.0,0.005446,normal
2026-05-17 15:23:01.662,10.0.0.2,10.0.0.25,1,3.0,3,294,98.0,0.0,0.001977,normal
2026-05-17 15:23:01.662,10.0.0.14,10.0.0.25,1,31.8232,42,4116,98.0,0.0,0.026744,normal
2026-05-17 15:23:01.662,10.0.0.20,10.0.0.25,1,3.0006,3,294,98.0,0.0,0.00271,normal
2026-05-17 15:23:01.662,10.0.0.6,10.0.0.25,1,6.21,6,588,98.0,0.0,0.267217,normal
2026-05-17 15:23:02.675,10.0.0.5,10.0.0.25,1,3.0,3,294,98.0,0.0,0.00061,normal
2026-05-17 15:23:02.675,10.0.0.10,10.0.0.25,1,3.0,3,294,98.0,0.0,0.000261,normal
2026-05-17 15:23:02.675,10.0.0.3,10.0.0.25,1,6.0001,6,588,98.0,0.0,0.221993,normal
2026-05-17 15:23:02.675,10.0.0.15,10.0.0.25,1,3.0002,3,294,98.0,0.0,0.000794,normal
2026-05-17 15:23:02.675,10.0.0.7,10.0.0.25,1,56.8895,57,5586,98.0,0.0,0.020322,normal
2026-05-17 15:23:02.675,10.0.0.3,10.0.0.8,0,3.0,3,294,98.0,0.0,0.001241,normal
2026-05-17 15:23:02.675,10.0.0.2,10.0.0.25,1,3.0,3,294,98.0,0.0,0.000952,normal
2026-05-17 15:23:02.675,10.0.0.14,10.0.0.25,1,34.8762,42,4116,98.0,0.0,0.029628,normal
2026-05-17 15:23:02.675,10.0.0.20,10.0.0.25,1,3.0004,3,294,98.0,0.0,0.00024,normal
2026-05-17 15:23:02.675,10.0.0.6,10.0.0.25,1,6.447,7,686,98.0,0.0,0.249698,normal
2026-05-17 15:23:03.679,10.0.0.5,10.0.0.25,1,3.0,3,294,98.0,0.0,0.00135,normal
2026-05-17 15:23:03.679,10.0.0.10,10.0.0.25,1,3.0,3,294,98.0,0.0,0.003774,normal
2026-05-17 15:23:03.679,10.0.0.3,10.0.0.25,1,6.0001,6,588,98.0,0.0,0.21932,normal
2026-05-17 15:23:03.679,10.0.0.15,10.0.0.25,1,3.0002,3,294,98.0,0.0,0.000554,normal
2026-05-17 15:23:03.679,10.0.0.7,10.0.0.25,1,57.5227,59,5782,98.0,0.0,0.020665,normal
2026-05-17 15:23:03.679,10.0.0.19,10.0.0.25,1,9.63,30,2940,98.0,0.0,0.034268,normal
2026-05-17 15:23:03.679,10.0.0.6,10.0.0.12,0,3.0,3,294,98.0,0.0,0.000147,normal
2026-05-17 15:23:03.679,10.0.0.2,10.0.0.25,1,3.0,3,294,98.0,0.0,0.001441,normal
2026-05-17 15:23:03.679,10.0.0.14,10.0.0.25,1,37.0134,42,4116,98.0,0.0,0.030719,normal
2026-05-17 15:23:03.679,10.0.0.20,10.0.0.25,1,3.0003,3,294,98.0,0.0,0.000174,normal
2026-05-17 15:23:03.679,10.0.0.6,10.0.0.25,1,6.3129,6,588,98.0,0.0,0.219366,normal
2026-05-17 15:23:04.685,10.0.0.5,10.0.0.25,1,3.0,3,294,98.0,0.0,0.00114,normal
2026-05-17 15:23:04.685,10.0.0.10,10.0.0.25,1,3.0,3,294,98.0,0.0,0.001967,normal
2026-05-17 15:23:04.685,10.0.0.3,10.0.0.25,1,6.0,6,588,98.0,0.0,0.220266,normal
2026-05-17 15:23:04.685,10.0.0.15,10.0.0.25,1,3.0001,3,294,98.0,0.0,0.006056,normal
2026-05-17 15:23:04.685,10.0.0.7,10.0.0.25,1,57.3659,57,5586,98.0,0.0,0.016434,normal
2026-05-17 15:23:04.685,10.0.0.19,10.0.0.25,1,17.541,36,3528,98.0,0.0,0.031534,normal
2026-05-17 15:23:04.685,10.0.0.3,10.0.0.8,0,3.0,3,294,98.0,0.0,0.005913,normal
2026-05-17 15:23:04.685,10.0.0.2,10.0.0.25,1,3.0,3,294,98.0,0.0,0.003566,normal
2026-05-17 15:23:04.685,10.0.0.14,10.0.0.25,1,38.5094,42,4116,98.0,0.0,0.025337,normal
2026-05-17 15:23:04.685,10.0.0.20,10.0.0.25,1,3.0002,3,294,98.0,0.0,0.006813,normal
2026-05-17 15:23:04.685,10.0.0.6,10.0.0.25,1,6.219,6,588,98.0,0.0,0.212111,normal
2026-05-17 15:23:05.694,10.0.0.5,10.0.0.25,1,3.0,3,294,98.0,0.0,0.001551,normal
2026-05-17 15:23:05.694,10.0.0.10,10.0.0.25,1,3.0,3,294,98.0,0.0,0.002016,normal
2026-05-17 15:23:05.694,10.0.0.3,10.0.0.25,1,6.0,6,588,98.0,0.0,0.21699,normal
2026-05-17 15:23:05.694,10.0.0.15,10.0.0.25,1,3.0001,3,294,98.0,0.0,0.007847,normal
2026-05-17 15:23:05.694,10.0.0.7,10.0.0.25,1,57.2561,57,5586,98.0,0.0,0.01414,normal
2026-05-17 15:23:05.694,10.0.0.19,10.0.0.25,1,23.3787,37,3626,98.0,0.0,0.025832,normal
2026-05-17 15:23:05.694,10.0.0.6,10.0.0.12,0,3.0,3,294,98.0,0.0,0.012433,normal
2026-05-17 15:23:05.694,10.0.0.2,10.0.0.25,1,3.0,3,294,98.0,0.0,0.000537,normal
2026-05-17 15:23:05.694,10.0.0.14,10.0.0.25,1,39.5565,42,4116,98.0,0.0,0.021907,normal
2026-05-17 15:23:05.694,10.0.0.20,10.0.0.25,1,3.0001,3,294,98.0,0.0,0.002664,normal
2026-05-17 15:23:05.694,10.0.0.6,10.0.0.25,1,6.1533,6,588,98.0,0.0,0.205289,normal
2026-05-17 15:23:06.708,10.0.0.5,10.0.0.25,1,3.0,3,294,98.0,0.0,0.015024,normal
2026-05-17 15:23:06.708,10.0.0.10,10.0.0.25,1,3.0,3,294,98.0,0.0,0.003722,normal
2026-05-17 15:23:06.708,10.0.0.3,10.0.0.25,1,6.0,6,588,98.0,0.0,0.203753,normal
2026-05-17 15:23:06.708,10.0.0.15,10.0.0.25,1,3.0001,3,294,98.0,0.0,0.002829,normal
2026-05-17 15:23:06.708,10.0.0.7,10.0.0.25,1,58.0793,60,5880,98.0,0.0,0.013798,normal
2026-05-17 15:23:06.708,10.0.0.19,10.0.0.25,1,27.4651,37,3626,98.0,0.0,0.025089,normal
2026-05-17 15:23:06.708,10.0.0.3,10.0.0.8,0,3.0,3,294,98.0,0.0,0.001094,normal
2026-05-17 15:23:06.708,10.0.0.2,10.0.0.25,1,3.0,3,294,98.0,0.0,0.006254,normal
2026-05-17 15:23:06.708,10.0.0.14,10.0.0.25,1,40.2896,42,4116,98.0,0.0,0.021815,normal
2026-05-17 15:23:06.708,10.0.0.20,10.0.0.25,1,3.0001,3,294,98.0,0.0,0.000124,normal
2026-05-17 15:23:06.708,10.0.0.6,10.0.0.25,1,6.1073,6,588,98.0,0.0,0.216619,normal
2026-05-17 15:23:07.714,10.0.0.5,10.0.0.25,1,3.0,3,294,98.0,0.0,0.000758,normal
2026-05-17 15:23:07.714,10.0.0.10,10.0.0.25,1,3.0,3,294,98.0,0.0,0.002581,normal
2026-05-17 15:23:07.714,10.0.0.3,10.0.0.25,1,6.0,6,588,98.0,0.0,0.221423,normal
2026-05-17 15:23:07.714,10.0.0.15,10.0.0.25,1,3.0,3,294,98.0,0.0,0.000723,normal
2026-05-17 15:23:07.714,10.0.0.7,10.0.0.25,1,58.6555,60,5880,98.0,0.0,0.020779,normal
2026-05-17 15:23:07.714,10.0.0.19,10.0.0.25,1,30.9256,39,3822,98.0,0.0,0.033186,normal
2026-05-17 15:23:07.714,10.0.0.6,10.0.0.12,0,3.0,3,294,98.0,0.0,0.002104,normal
2026-05-17 15:23:07.714,10.0.0.21,10.0.0.3,0,6.93,21,2058,98.0,0.0,0.019754,normal
2026-05-17 15:23:07.714,10.0.0.2,10.0.0.25,1,3.0,3,294,98.0,0.0,0.000762,normal
2026-05-17 15:23:07.714,10.0.0.14,10.0.0.25,1,40.8027,42,4116,98.0,0.0,0.030367,normal
2026-05-17 15:23:07.714,10.0.0.20,10.0.0.25,1,3.0001,3,294,98.0,0.0,0.000562,normal
2026-05-17 15:23:07.714,10.0.0.6,10.0.0.25,1,6.0751,6,588,98.0,0.0,0.221259,normal
2026-05-17 15:23:08.721,10.0.0.5,10.0.0.25,1,3.0,3,294,98.0,0.0,0.000523,normal
2026-05-17 15:23:08.721,10.0.0.10,10.0.0.25,1,3.0,3,294,98.0,0.0,0.001959,normal
2026-05-17 15:23:08.721,10.0.0.3,10.0.0.25,1,6.0,6,588,98.0,0.0,0.221579,normal
2026-05-17 15:23:08.721,10.0.0.15,10.0.0.25,1,3.0,3,294,98.0,0.0,0.001152,normal
2026-05-17 15:23:08.721,10.0.0.7,10.0.0.25,1,46.4588,18,1764,98.0,0.0,0.016744,normal
2026-05-17 15:23:08.721,10.0.0.19,10.0.0.25,1,32.4479,36,3528,98.0,0.0,0.032907,normal
2026-05-17 15:23:08.721,10.0.0.3,10.0.0.8,0,3.0,3,294,98.0,0.0,0.001747,normal
2026-05-17 15:23:08.721,10.0.0.21,10.0.0.3,0,21.951,57,5586,98.0,0.0,0.01832,normal
2026-05-17 15:23:08.721,10.0.0.2,10.0.0.25,1,3.0,3,294,98.0,0.0,0.000816,normal
2026-05-17 15:23:08.721,10.0.0.14,10.0.0.25,1,41.1619,42,4116,98.0,0.0,0.029147,normal
2026-05-17 15:23:08.721,10.0.0.20,10.0.0.25,1,3.0,3,294,98.0,0.0,0.001004,normal
2026-05-17 15:23:08.721,10.0.0.6,10.0.0.25,1,6.0526,6,588,98.0,0.0,0.226655,normal
2026-05-17 15:23:09.738,10.0.0.5,10.0.0.25,1,3.0,3,294,98.0,0.0,0.00213,normal
2026-05-17 15:23:09.738,10.0.0.10,10.0.0.25,1,3.0,3,294,98.0,0.0,0.000967,normal
2026-05-17 15:23:09.738,10.0.0.3,10.0.0.25,1,6.0,6,588,98.0,0.0,0.2167,normal
2026-05-17 15:23:09.738,10.0.0.15,10.0.0.25,1,3.0,3,294,98.0,0.0,0.000313,normal
2026-05-17 15:23:09.738,10.0.0.19,10.0.0.25,1,33.5135,36,3528,98.0,0.0,0.029854,normal
2026-05-17 15:23:09.738,10.0.0.6,10.0.0.12,0,3.0,3,294,98.0,0.0,0.000849,normal
2026-05-17 15:23:09.738,10.0.0.21,10.0.0.3,0,33.3657,60,5880,98.0,0.0,0.01771,normal
2026-05-17 15:23:09.738,10.0.0.2,10.0.0.25,1,3.0,3,294,98.0,0.0,0.005485,normal
2026-05-17 15:23:09.738,10.0.0.14,10.0.0.25,1,41.4133,42,4116,98.0,0.0,0.026335,normal
2026-05-17 15:23:09.738,10.0.0.20,10.0.0.25,1,3.0,3,294,98.0,0.0,0.001443,normal
2026-05-17 15:23:09.738,10.0.0.6,10.0.0.25,1,6.0368,6,588,98.0,0.0,0.214327,normal
2026-05-17 15:23:10.748,10.0.0.5,10.0.0.25,1,3.0,3,294,98.0,0.0,0.003366,normal
2026-05-17 15:23:10.748,10.0.0.10,10.0.0.25,1,3.0,3,294,98.0,0.0,0.006893,normal
2026-05-17 15:23:10.748,10.0.0.3,10.0.0.25,1,6.0,6,588,98.0,0.0,0.221471,normal
2026-05-17 15:23:10.748,10.0.0.15,10.0.0.25,1,3.0,3,294,98.0,0.0,0.001999,normal
2026-05-17 15:23:10.748,10.0.0.19,10.0.0.25,1,34.8595,38,3724,98.0,0.0,0.031065,normal
2026-05-17 15:23:10.748,10.0.0.3,10.0.0.8,0,3.0,3,294,98.0,0.0,0.006618,normal
2026-05-17 15:23:10.748,10.0.0.21,10.0.0.3,0,40.456,57,5586,98.0,0.0,0.017787,normal
2026-05-17 15:23:10.748,10.0.0.2,10.0.0.25,1,3.0,3,294,98.0,0.0,0.000123,normal
2026-05-17 15:23:10.748,10.0.0.14,10.0.0.25,1,41.5893,42,4116,98.0,0.0,0.026085,normal
2026-05-17 15:23:10.748,10.0.0.20,10.0.0.25,1,3.0,3,294,98.0,0.0,0.001012,normal
2026-05-17 15:23:10.748,10.0.0.6,10.0.0.25,1,6.0258,6,588,98.0,0.0,0.216621,normal
2026-05-17 15:23:11.757,10.0.0.5,10.0.0.25,1,3.0,3,294,98.0,0.0,0.001251,normal
2026-05-17 15:23:11.757,10.0.0.10,10.0.0.25,1,3.0,3,294,98.0,0.0,0.000348,normal
2026-05-17 15:23:11.757,10.0.0.3,10.0.0.25,1,6.0,6,588,98.0,0.0,0.214406,normal
2026-05-17 15:23:11.757,10.0.0.15,10.0.0.25,1,3.0,3,294,98.0,0.0,0.003424,normal
2026-05-17 15:23:11.757,10.0.0.19,10.0.0.25,1,35.2016,36,3528,98.0,0.0,0.027449,normal
2026-05-17 15:23:11.757,10.0.0.6,10.0.0.12,0,3.0,3,294,98.0,0.0,0.003724,normal
2026-05-17 15:23:11.757,10.0.0.21,10.0.0.3,0,46.3192,60,5880,98.0,0.0,0.015816,normal
2026-05-17 15:23:11.757,10.0.0.2,10.0.0.25,1,3.0,3,294,98.0,0.0,0.0034,normal
2026-05-17 15:23:11.757,10.0.0.14,10.0.0.25,1,41.7125,42,4116,98.0,0.0,0.023129,normal
2026-05-17 15:23:11.757,10.0.0.20,10.0.0.25,1,3.0,3,294,98.0,0.0,0.001049,normal
2026-05-17 15:23:11.757,10.0.0.6,10.0.0.25,1,6.018,6,588,98.0,0.0,0.20175,normal
2026-05-17 15:23:12.762,10.0.0.5,10.0.0.25,1,3.0,3,294,98.0,0.0,0.002717,normal
2026-05-17 15:23:12.762,10.0.0.10,10.0.0.25,1,3.0,3,294,98.0,0.0,0.002552,normal
2026-05-17 15:23:12.762,10.0.0.3,10.0.0.25,1,6.0,6,588,98.0,0.0,0.216759,normal
2026-05-17 15:23:12.762,10.0.0.15,10.0.0.25,1,3.0,3,294,98.0,0.0,0.0002,normal
2026-05-17 15:23:12.762,10.0.0.24,10.0.0.6,0,11.43,36,3528,98.0,0.0,0.020144,normal
2026-05-17 15:23:12.762,10.0.0.19,10.0.0.25,1,35.4411,36,3528,98.0,0.0,0.033384,normal
2026-05-17 15:23:12.762,10.0.0.3,10.0.0.8,0,3.0,3,294,98.0,0.0,0.004634,normal
2026-05-17 15:23:12.762,10.0.0.21,10.0.0.3,0,50.1234,59,5782,98.0,0.0,0.019116,normal
2026-05-17 15:23:12.762,10.0.0.2,10.0.0.25,1,3.0,3,294,98.0,0.0,0.002025,normal
2026-05-17 15:23:12.762,10.0.0.14,10.0.0.25,1,41.7988,42,4116,98.0,0.0,0.029257,normal
2026-05-17 15:23:12.762,10.0.0.20,10.0.0.25,1,3.0,3,294,98.0,0.0,0.000129,normal
2026-05-17 15:23:12.762,10.0.0.6,10.0.0.25,1,6.0126,6,588,98.0,0.0,0.216196,normal
2026-05-17 15:23:13.771,10.0.0.5,10.0.0.25,1,3.0,3,294,98.0,0.0,0.00024,normal
2026-05-17 15:23:13.771,10.0.0.10,10.0.0.25,1,3.0,3,294,98.0,0.0,2.3e-05,normal
2026-05-17 15:23:13.771,10.0.0.3,10.0.0.25,1,6.0,6,588,98.0,0.0,0.220895,normal
2026-05-17 15:23:13.771,10.0.0.15,10.0.0.25,1,3.0,3,294,98.0,0.0,0.008782,normal
2026-05-17 15:23:13.771,10.0.0.24,10.0.0.6,0,25.101,57,5586,98.0,0.0,0.019956,normal
2026-05-17 15:23:13.771,10.0.0.19,10.0.0.25,1,36.5088,39,3822,98.0,0.0,0.033327,normal
2026-05-17 15:23:13.771,10.0.0.6,10.0.0.12,0,3.0,3,294,98.0,0.0,0.000437,normal
2026-05-17 15:23:13.771,10.0.0.21,10.0.0.3,0,52.4864,58,5684,98.0,0.0,0.019816,normal
2026-05-17 15:23:13.771,10.0.0.2,10.0.0.25,1,3.0,3,294,98.0,0.0,0.000381,normal
2026-05-17 15:23:13.771,10.0.0.14,10.0.0.25,1,42.4591,44,4312,98.0,0.0,0.029021,normal
2026-05-17 15:23:13.771,10.0.0.20,10.0.0.25,1,3.0,3,294,98.0,0.0,0.007611,normal
2026-05-17 15:23:13.771,10.0.0.6,10.0.0.25,1,6.0088,6,588,98.0,0.0,0.223607,normal
2026-05-17 15:23:14.780,10.0.0.5,10.0.0.25,1,3.0,3,294,98.0,0.0,0.001015,normal
2026-05-17 15:23:14.780,10.0.0.10,10.0.0.25,1,3.0,3,294,98.0,0.0,0.000875,normal
2026-05-17 15:23:14.780,10.0.0.3,10.0.0.25,1,6.0,6,588,98.0,0.0,0.218399,normal
2026-05-17 15:23:14.780,10.0.0.15,10.0.0.25,1,3.0,3,294,98.0,0.0,0.008927,normal
2026-05-17 15:23:14.780,10.0.0.24,10.0.0.6,0,35.5707,60,5880,98.0,0.0,0.016294,normal
2026-05-17 15:23:14.780,10.0.0.19,10.0.0.25,1,36.3562,36,3528,98.0,0.0,0.028013,normal
2026-05-17 15:23:14.780,10.0.0.3,10.0.0.8,0,3.0,3,294,98.0,0.0,0.001406,normal
2026-05-17 15:23:14.780,10.0.0.21,10.0.0.3,0,54.7405,60,5880,98.0,0.0,0.016791,normal
2026-05-17 15:23:14.780,10.0.0.2,10.0.0.25,1,3.0,3,294,98.0,0.0,0.000779,normal
2026-05-17 15:23:14.780,10.0.0.14,10.0.0.25,1,42.3214,42,4116,98.0,0.0,0.025066,normal
2026-05-17 15:23:14.780,10.0.0.20,10.0.0.25,1,3.0,3,294,98.0,0.0,0.000274,normal
2026-05-17 15:23:14.780,10.0.0.6,10.0.0.25,1,6.0062,6,588,98.0,0.0,0.197238,normal
2026-05-17 15:23:15.790,10.0.0.5,10.0.0.25,1,3.0,3,294,98.0,0.0,0.011252,normal
2026-05-17 15:23:15.790,10.0.0.10,10.0.0.25,1,3.0,3,294,98.0,0.0,0.001403,normal
2026-05-17 15:23:15.790,10.0.0.3,10.0.0.25,1,6.0,6,588,98.0,0.0,0.218709,normal
2026-05-17 15:23:15.790,10.0.0.15,10.0.0.25,1,3.0,3,294,98.0,0.0,0.004168,normal
2026-05-17 15:23:15.790,10.0.0.24,10.0.0.6,0,41.9995,57,5586,98.0,0.0,0.014378,normal
2026-05-17 15:23:15.790,10.0.0.19,10.0.0.25,1,36.2493,36,3528,98.0,0.0,0.028451,normal
2026-05-17 15:23:15.790,10.0.0.6,10.0.0.12,0,3.0,3,294,98.0,0.0,0.007355,normal
2026-05-17 15:23:15.790,10.0.0.21,10.0.0.3,0,55.4183,57,5586,98.0,0.0,0.01334,normal
2026-05-17 15:23:15.790,10.0.0.2,10.0.0.25,1,3.0,3,294,98.0,0.0,0.0005,normal
2026-05-17 15:23:15.790,10.0.0.14,10.0.0.25,1,41.925,41,4018,98.0,0.0,0.021727,normal
2026-05-17 15:23:15.790,10.0.0.20,10.0.0.25,1,3.0,3,294,98.0,0.0,0.001327,normal
2026-05-17 15:23:15.790,10.0.0.6,10.0.0.25,1,6.0043,6,588,98.0,0.0,0.214878,normal
2026-05-17 15:23:16.830,10.0.0.5,10.0.0.25,1,3.0,3,294,98.0,0.0,0.001796,normal
2026-05-17 15:23:16.830,10.0.0.10,10.0.0.25,1,3.0,3,294,98.0,0.0,0.004178,normal
2026-05-17 15:23:16.830,10.0.0.3,10.0.0.25,1,6.0,6,588,98.0,0.0,0.215605,normal
2026-05-17 15:23:16.830,10.0.0.15,10.0.0.25,1,3.0,3,294,98.0,0.0,0.001699,normal
2026-05-17 15:23:16.830,10.0.0.24,10.0.0.6,0,47.3996,60,5880,98.0,0.0,0.014592,normal
2026-05-17 15:23:16.830,10.0.0.19,10.0.0.25,1,37.0745,39,3822,98.0,0.0,0.026853,normal
2026-05-17 15:23:16.830,10.0.0.3,10.0.0.8,0,3.0,3,294,98.0,0.0,0.002366,normal
2026-05-17 15:23:16.830,10.0.0.21,10.0.0.3,0,56.7928,60,5880,98.0,0.0,0.014527,normal
2026-05-17 15:23:16.830,10.0.0.2,10.0.0.25,1,3.0,3,294,98.0,0.0,0.007584,normal
2026-05-17 15:23:16.830,10.0.0.14,10.0.0.25,1,42.2475,43,4214,98.0,0.0,0.023301,normal
2026-05-17 15:23:16.830,10.0.0.20,10.0.0.25,1,3.0,3,294,98.0,0.0,0.001438,normal
2026-05-17 15:23:16.830,10.0.0.6,10.0.0.25,1,6.003,6,588,98.0,0.0,0.209395,normal
2026-05-17 15:23:17.836,10.0.0.5,10.0.0.25,1,3.0,3,294,98.0,0.0,0.000102,normal
2026-05-17 15:23:17.836,10.0.0.10,10.0.0.25,1,3.0,3,294,98.0,0.0,0.001117,normal
2026-05-17 15:23:17.836,10.0.0.3,10.0.0.25,1,6.0,6,588,98.0,0.0,0.222315,normal
2026-05-17 15:23:17.836,10.0.0.15,10.0.0.25,1,3.0,3,294,98.0,0.0,0.001688,normal
2026-05-17 15:23:17.836,10.0.0.24,10.0.0.6,0,51.1798,60,5880,98.0,0.0,0.020135,normal
2026-05-17 15:23:17.836,10.0.0.19,10.0.0.25,1,36.7522,36,3528,98.0,0.0,0.034132,normal
2026-05-17 15:23:17.836,10.0.0.6,10.0.0.12,0,3.0,3,294,98.0,0.0,0.002034,normal
2026-05-17 15:23:17.836,10.0.0.21,10.0.0.3,0,57.455,59,5782,98.0,0.0,0.020462,normal
2026-05-17 15:23:17.836,10.0.0.2,10.0.0.25,1,3.0,3,294,98.0,0.0,0.00016,normal
2026-05-17 15:23:17.836,10.0.0.14,10.0.0.25,1,42.1732,42,4116,98.0,0.0,0.028907,normal
2026-05-17 15:23:17.836,10.0.0.20,10.0.0.25,1,3.0,3,294,98.0,0.0,0.00017,normal
2026-05-17 15:23:17.836,10.0.0.6,10.0.0.25,1,6.0021,6,588,98.0,0.0,0.220628,normal
2026-05-17 15:23:18.841,10.0.0.5,10.0.0.25,1,3.0,3,294,98.0,0.0,0.000616,normal
2026-05-17 15:23:18.841,10.0.0.10,10.0.0.25,1,3.0,3,294,98.0,0.0,0.000477,normal
2026-05-17 15:23:18.841,10.0.0.3,10.0.0.25,1,6.0,6,588,98.0,0.0,0.222868,normal
2026-05-17 15:23:18.841,10.0.0.15,10.0.0.25,1,3.0,3,294,98.0,0.0,0.00898,normal
2026-05-17 15:23:18.841,10.0.0.24,10.0.0.6,0,52.9258,57,5586,98.0,0.0,0.018258,normal
2026-05-17 15:23:18.841,10.0.0.19,10.0.0.25,1,37.1265,38,3724,98.0,0.0,0.032616,normal
2026-05-17 15:23:18.841,10.0.0.3,10.0.0.8,0,3.0,3,294,98.0,0.0,0.000383,normal
2026-05-17 15:23:18.841,10.0.0.21,10.0.0.3,0,57.3185,57,5586,98.0,0.0,0.018712,normal
2026-05-17 15:23:18.841,10.0.0.2,10.0.0.25,1,3.0,3,294,98.0,0.0,0.000335,normal
2026-05-17 15:23:18.841,10.0.0.14,10.0.0.25,1,42.1213,42,4116,98.0,0.0,0.027888,normal
2026-05-17 15:23:18.841,10.0.0.20,10.0.0.25,1,3.0,3,294,98.0,0.0,0.001057,normal
2026-05-17 15:23:18.841,10.0.0.6,10.0.0.25,1,6.0015,6,588,98.0,0.0,0.220907,normal
2026-05-17 15:23:19.856,10.0.0.5,10.0.0.25,1,3.0,3,294,98.0,0.0,0.00059,normal
2026-05-17 15:23:19.856,10.0.0.10,10.0.0.25,1,3.0,3,294,98.0,0.0,0.002031,normal
2026-05-17 15:23:19.856,10.0.0.3,10.0.0.25,1,6.0,6,588,98.0,0.0,0.207156,normal
2026-05-17 15:23:19.856,10.0.0.15,10.0.0.25,1,3.0,3,294,98.0,0.0,9.7e-05,normal
2026-05-17 15:23:19.856,10.0.0.24,10.0.0.6,0,54.7481,59,5782,98.0,0.0,0.014695,normal
2026-05-17 15:23:19.856,10.0.0.19,10.0.0.25,1,36.7886,36,3528,98.0,0.0,0.030118,normal
2026-05-17 15:23:19.856,10.0.0.6,10.0.0.12,0,3.0,3,294,98.0,0.0,0.004559,normal
2026-05-17 15:23:19.856,10.0.0.21,10.0.0.3,0,57.5229,58,5684,98.0,0.0,0.014778,normal
2026-05-17 15:23:19.856,10.0.0.2,10.0.0.25,1,3.0,3,294,98.0,0.0,0.007607,normal
2026-05-17 15:23:19.856,10.0.0.14,10.0.0.25,1,41.7849,41,4018,98.0,0.0,0.02479,normal
2026-05-17 15:23:19.856,10.0.0.20,10.0.0.25,1,3.0,3,294,98.0,0.0,0.001852,normal
2026-05-17 15:23:19.856,10.0.0.6,10.0.0.25,1,6.001,6,588,98.0,0.0,0.218973,normal
2026-05-17 15:23:20.868,10.0.0.5,10.0.0.25,1,3.0,3,294,98.0,0.0,0.001989,normal
2026-05-17 15:23:20.868,10.0.0.10,10.0.0.25,1,3.0,3,294,98.0,0.0,0.00511,normal
2026-05-17 15:23:20.868,10.0.0.3,10.0.0.25,1,6.0,6,588,98.0,0.0,0.210513,normal
2026-05-17 15:23:20.868,10.0.0.15,10.0.0.25,1,3.0,3,294,98.0,0.0,0.003587,normal
2026-05-17 15:23:20.868,10.0.0.24,10.0.0.6,0,55.7237,58,5684,98.0,0.0,0.012782,normal
2026-05-17 15:23:20.868,10.0.0.19,10.0.0.25,1,36.852,37,3626,98.0,0.0,0.024101,normal
2026-05-17 15:23:20.868,10.0.0.3,10.0.0.8,0,3.0,3,294,98.0,0.0,0.000488,normal
2026-05-17 15:23:20.868,10.0.0.21,10.0.0.3,0,57.9661,59,5782,98.0,0.0,0.012025,normal
2026-05-17 15:23:20.868,10.0.0.2,10.0.0.25,1,3.0,3,294,98.0,0.0,0.001184,normal
2026-05-17 15:23:20.868,10.0.0.14,10.0.0.25,1,34.6494,18,1764,98.0,0.0,0.018461,normal
2026-05-17 15:23:20.868,10.0.0.20,10.0.0.25,1,3.0,3,294,98.0,0.0,0.002573,normal
2026-05-17 15:23:20.868,10.0.0.6,10.0.0.25,1,6.0007,6,588,98.0,0.0,0.206629,normal
2026-05-17 15:23:21.884,10.0.0.5,10.0.0.25,1,3.0,3,294,98.0,0.0,0.005797,normal
2026-05-17 15:23:21.884,10.0.0.10,10.0.0.25,1,3.0,3,294,98.0,0.0,0.004628,normal
2026-05-17 15:23:21.884,10.0.0.3,10.0.0.25,1,6.0,6,588,98.0,0.0,0.207538,normal
2026-05-17 15:23:21.884,10.0.0.15,10.0.0.25,1,3.0,3,294,98.0,0.0,0.006515,normal
2026-05-17 15:23:21.884,10.0.0.24,10.0.0.6,0,56.7066,59,5782,98.0,0.0,0.013556,normal
2026-05-17 15:23:21.884,10.0.0.19,10.0.0.25,1,37.1964,38,3724,98.0,0.0,0.025375,normal
2026-05-17 15:23:21.884,10.0.0.3,10.0.0.8,0,3.0,3,294,98.0,0.0,1.4e-05,normal
2026-05-17 15:23:21.884,10.0.0.6,10.0.0.12,0,3.0,3,294,98.0,0.0,0.002102,normal
2026-05-17 15:23:21.884,10.0.0.21,10.0.0.3,0,58.5762,60,5880,98.0,0.0,0.014151,normal
2026-05-17 15:23:21.884,10.0.0.2,10.0.0.25,1,3.0,3,294,98.0,0.0,0.003484,normal
2026-05-17 15:23:21.884,10.0.0.20,10.0.0.25,1,3.0,3,294,98.0,0.0,0.008867,normal
2026-05-17 15:23:21.884,10.0.0.6,10.0.0.25,1,6.0005,6,588,98.0,0.0,0.209537,normal
2026-05-17 15:23:22.891,10.0.0.5,10.0.0.25,1,3.0,3,294,98.0,0.0,0.002485,normal
2026-05-17 15:23:22.891,10.0.0.10,10.0.0.25,1,3.0,3,294,98.0,0.0,0.001504,normal
2026-05-17 15:23:22.891,10.0.0.3,10.0.0.25,1,6.0,6,588,98.0,0.0,0.219879,normal
2026-05-17 15:23:22.891,10.0.0.15,10.0.0.25,1,3.0,3,294,98.0,0.0,0.000185,normal
2026-05-17 15:23:22.891,10.0.0.24,10.0.0.6,0,57.3946,59,5782,98.0,0.0,0.020125,normal
2026-05-17 15:23:22.891,10.0.0.19,10.0.0.25,1,36.8375,36,3528,98.0,0.0,0.035304,normal
2026-05-17 15:23:22.891,10.0.0.21,10.0.0.3,0,58.1034,57,5586,98.0,0.0,0.021013,normal
2026-05-17 15:23:22.891,10.0.0.2,10.0.0.25,1,3.0,3,294,98.0,0.0,0.001544,normal
2026-05-17 15:23:22.891,10.0.0.20,10.0.0.25,1,3.0,3,294,98.0,0.0,0.000296,normal
2026-05-17 15:23:22.891,10.0.0.6,10.0.0.25,1,6.0004,6,588,98.0,0.0,0.222491,normal
2026-05-17 15:23:23.900,10.0.0.5,10.0.0.25,1,3.0,3,294,98.0,0.0,0.002726,normal
2026-05-17 15:23:23.900,10.0.0.10,10.0.0.25,1,3.0,3,294,98.0,0.0,0.00073,normal
2026-05-17 15:23:23.900,10.0.0.11,10.0.0.17,0,2.5311,3,294,98.0,0.0,0.000285,normal
2026-05-17 15:23:23.900,10.0.0.3,10.0.0.25,1,6.0,6,588,98.0,0.0,0.221576,normal
2026-05-17 15:23:23.900,10.0.0.15,10.0.0.25,1,3.0,3,294,98.0,0.0,0.002182,normal
2026-05-17 15:23:23.900,10.0.0.24,10.0.0.6,0,58.1762,60,5880,98.0,0.0,0.015544,normal
2026-05-17 15:23:23.900,10.0.0.11,10.0.0.25,1,14.2108,15,1470,98.0,0.0,0.08688,normal
2026-05-17 15:23:23.900,10.0.0.19,10.0.0.25,1,37.1862,38,3724,98.0,0.0,0.029093,normal
2026-05-17 15:23:23.900,10.0.0.3,10.0.0.8,0,3.0,3,294,98.0,0.0,0.003697,normal
2026-05-17 15:23:23.900,10.0.0.6,10.0.0.12,0,3.0,3,294,98.0,0.0,0.001343,normal
2026-05-17 15:23:23.900,10.0.0.21,10.0.0.3,0,57.4724,56,5488,98.0,0.0,0.015368,normal
2026-05-17 15:23:23.900,10.0.0.2,10.0.0.25,1,3.0,3,294,98.0,0.0,0.000299,normal
2026-05-17 15:23:23.900,10.0.0.20,10.0.0.25,1,3.0,3,294,98.0,0.0,0.000829,normal
2026-05-17 15:23:23.900,10.0.0.6,10.0.0.25,1,6.0002,6,588,98.0,0.0,0.211957,normal
2026-05-17 15:23:24.909,10.0.0.5,10.0.0.25,1,3.0,3,294,98.0,0.0,0.00148,normal
2026-05-17 15:23:24.909,10.0.0.10,10.0.0.25,1,3.0,3,294,98.0,0.0,0.004512,normal
2026-05-17 15:23:24.909,10.0.0.3,10.0.0.25,1,6.0,6,588,98.0,0.0,0.214626,normal
2026-05-17 15:23:24.909,10.0.0.15,10.0.0.25,1,3.0,3,294,98.0,0.0,0.000678,normal
2026-05-17 15:23:24.909,10.0.0.24,10.0.0.6,0,57.8233,57,5586,98.0,0.0,0.01874,normal
2026-05-17 15:23:24.909,10.0.0.11,10.0.0.25,1,14.4476,15,1470,98.0,0.0,0.087059,normal
2026-05-17 15:23:24.909,10.0.0.19,10.0.0.25,1,36.8304,36,3528,98.0,0.0,0.032488,normal
2026-05-17 15:23:24.909,10.0.0.2,10.0.0.25,1,3.0,3,294,98.0,0.0,0.000358,normal
2026-05-17 15:23:24.909,10.0.0.20,10.0.0.25,1,3.0,3,294,98.0,0.0,0.001299,normal
2026-05-17 15:23:24.909,10.0.0.6,10.0.0.25,1,6.0002,6,588,98.0,0.0,0.216579,normal
2026-05-17 15:23:25.912,10.0.0.5,10.0.0.25,1,3.0,3,294,98.0,0.0,0.000826,normal
2026-05-17 15:23:25.912,10.0.0.10,10.0.0.25,1,3.0,3,294,98.0,0.0,0.000705,normal
2026-05-17 15:23:25.912,10.0.0.11,10.0.0.17,0,2.6717,3,294,98.0,0.0,0.000817,normal
2026-05-17 15:23:25.912,10.0.0.3,10.0.0.25,1,6.0,6,588,98.0,0.0,0.219477,normal
2026-05-17 15:23:25.912,10.0.0.15,10.0.0.25,1,3.0,3,294,98.0,0.0,0.002438,normal
2026-05-17 15:23:25.912,10.0.0.24,10.0.0.6,0,58.1763,59,5782,98.0,0.0,0.020514,normal
2026-05-17 15:23:25.912,10.0.0.11,10.0.0.25,1,14.6133,15,1470,98.0,0.0,0.091909,normal
2026-05-17 15:23:25.912,10.0.0.19,10.0.0.25,1,36.5813,36,3528,98.0,0.0,0.034163,normal
2026-05-17 15:23:25.912,10.0.0.3,10.0.0.8,0,3.0,3,294,98.0,0.0,0.001618,normal
2026-05-17 15:23:25.912,10.0.0.6,10.0.0.12,0,3.0,3,294,98.0,0.0,0.000659,normal
2026-05-17 15:23:25.912,10.0.0.2,10.0.0.25,1,3.0,3,294,98.0,0.0,0.000194,normal
2026-05-17 15:23:25.912,10.0.0.20,10.0.0.25,1,3.0,3,294,98.0,0.0,0.004047,normal
2026-05-17 15:23:25.912,10.0.0.6,10.0.0.25,1,6.0001,6,588,98.0,0.0,0.220288,normal
2026-05-17 15:23:26.917,10.0.0.5,10.0.0.25,1,3.0,3,294,98.0,0.0,0.00285,normal
2026-05-17 15:23:26.917,10.0.0.10,10.0.0.25,1,3.0,3,294,98.0,0.0,4.1e-05,normal
2026-05-17 15:23:26.917,10.0.0.3,10.0.0.25,1,6.0,6,588,98.0,0.0,0.21573,normal
2026-05-17 15:23:26.917,10.0.0.15,10.0.0.25,1,3.0,3,294,98.0,0.0,0.0006,normal
2026-05-17 15:23:26.917,10.0.0.24,10.0.0.6,0,58.7234,60,5880,98.0,0.0,0.017578,normal
2026-05-17 15:23:26.917,10.0.0.11,10.0.0.25,1,14.7293,15,1470,98.0,0.0,0.086569,normal
2026-05-17 15:23:26.917,10.0.0.19,10.0.0.25,1,37.3069,39,3822,98.0,0.0,0.031837,normal
2026-05-17 15:23:26.917,10.0.0.2,10.0.0.25,1,3.0,3,294,98.0,0.0,0.001015,normal
2026-05-17 15:23:26.917,10.0.0.20,10.0.0.25,1,3.0,3,294,98.0,0.0,0.003139,normal
2026-05-17 15:23:26.917,10.0.0.6,10.0.0.25,1,6.0001,6,588,98.0,0.0,0.216181,normal
2026-05-17 15:23:27.930,10.0.0.5,10.0.0.25,1,3.0,3,294,98.0,0.0,0.000833,normal
2026-05-17 15:23:27.930,10.0.0.10,10.0.0.25,1,3.0,3,294,98.0,0.0,0.001106,normal
2026-05-17 15:23:27.930,10.0.0.11,10.0.0.17,0,2.7702,3,294,98.0,0.0,0.000156,normal
2026-05-17 15:23:27.930,10.0.0.3,10.0.0.25,1,6.0,6,588,98.0,0.0,0.2141,normal
2026-05-17 15:23:27.930,10.0.0.15,10.0.0.25,1,3.0,3,294,98.0,0.0,0.002249,normal
2026-05-17 15:23:27.930,10.0.0.24,10.0.0.6,0,58.5064,58,5684,98.0,0.0,0.015616,normal
2026-05-17 15:23:27.930,10.0.0.11,10.0.0.25,1,14.8105,15,1470,98.0,0.0,0.084342,normal
2026-05-17 15:23:27.930,10.0.0.19,10.0.0.25,1,36.9148,36,3528,98.0,0.0,0.030486,normal
2026-05-17 15:23:27.930,10.0.0.3,10.0.0.8,0,3.0,3,294,98.0,0.0,0.00243,normal
2026-05-17 15:23:27.930,10.0.0.6,10.0.0.12,0,3.0,3,294,98.0,0.0,0.005847,normal
2026-05-17 15:23:27.930,10.0.0.2,10.0.0.25,1,3.0,3,294,98.0,0.0,1.8e-05,normal
2026-05-17 15:23:27.930,10.0.0.20,10.0.0.25,1,3.0,3,294,98.0,0.0,0.002529,normal
2026-05-17 15:23:27.930,10.0.0.6,10.0.0.25,1,6.0001,6,588,98.0,0.0,0.219946,normal
2026-05-17 15:23:28.940,10.0.0.5,10.0.0.25,1,3.0,3,294,98.0,0.0,0.000183,normal
2026-05-17 15:23:28.940,10.0.0.10,10.0.0.25,1,3.0,3,294,98.0,0.0,0.005993,normal
2026-05-17 15:23:28.940,10.0.0.3,10.0.0.25,1,6.0,6,588,98.0,0.0,0.225941,normal
2026-05-17 15:23:28.940,10.0.0.15,10.0.0.25,1,3.0,3,294,98.0,0.0,0.000683,normal
2026-05-17 15:23:28.940,10.0.0.24,10.0.0.6,0,53.2545,41,4018,98.0,0.0,0.019704,normal
2026-05-17 15:23:28.940,10.0.0.11,10.0.0.25,1,14.8674,15,1470,98.0,0.0,0.090389,normal
2026-05-17 15:23:28.940,10.0.0.19,10.0.0.25,1,32.1404,21,2058,98.0,0.0,0.034686,normal
2026-05-17 15:23:28.940,10.0.0.2,10.0.0.25,1,3.0,3,294,98.0,0.0,0.000949,normal
2026-05-17 15:23:28.940,10.0.0.20,10.0.0.25,1,3.0,3,294,98.0,0.0,0.000297,normal
2026-05-17 15:23:28.940,10.0.0.6,10.0.0.25,1,6.0,6,588,98.0,0.0,0.216312,normal
2026-05-17 15:23:29.947,10.0.0.5,10.0.0.25,1,3.0,3,294,98.0,0.0,0.000384,normal
2026-05-17 15:23:29.947,10.0.0.10,10.0.0.25,1,3.0,3,294,98.0,0.0,0.003672,normal
2026-05-17 15:23:29.947,10.0.0.11,10.0.0.17,0,2.8392,3,294,98.0,0.0,0.001181,normal
2026-05-17 15:23:29.947,10.0.0.3,10.0.0.25,1,6.0,6,588,98.0,0.0,0.212282,normal
2026-05-17 15:23:29.947,10.0.0.15,10.0.0.25,1,3.0,3,294,98.0,0.0,0.001209,normal
2026-05-17 15:23:29.947,10.0.0.11,10.0.0.25,1,14.9072,15,1470,98.0,0.0,0.086178,normal
2026-05-17 15:23:29.947,10.0.0.3,10.0.0.8,0,3.0,3,294,98.0,0.0,0.002364,normal
2026-05-17 15:23:29.947,10.0.0.6,10.0.0.12,0,3.0,3,294,98.0,0.0,0.001035,normal
2026-05-17 15:23:29.947,10.0.0.2,10.0.0.25,1,3.0,3,294,98.0,0.0,0.000453,normal
2026-05-17 15:23:29.947,10.0.0.20,10.0.0.25,1,3.0,3,294,98.0,0.0,0.000229,normal
2026-05-17 15:23:29.947,10.0.0.6,10.0.0.25,1,6.0,6,588,98.0,0.0,0.219068,normal
2026-05-17 15:23:30.950,10.0.0.5,10.0.0.25,1,3.0,3,294,98.0,0.0,0.000883,normal
2026-05-17 15:23:30.950,10.0.0.10,10.0.0.25,1,3.0,3,294,98.0,0.0,0.000197,normal
2026-05-17 15:23:30.950,10.0.0.15,10.0.0.25,1,3.0,3,294,98.0,0.0,0.00018,normal
2026-05-17 15:23:30.950,10.0.0.11,10.0.0.25,1,14.935,15,1470,98.0,0.0,0.089608,normal
2026-05-17 15:23:30.950,10.0.0.2,10.0.0.25,1,2.7,2,196,98.0,0.0,0.0,normal
2026-05-17 15:23:30.950,10.0.0.20,10.0.0.25,1,3.0,3,294,98.0,0.0,0.001746,normal
2026-05-17 15:23:30.950,10.0.0.6,10.0.0.25,1,6.0,6,588,98.0,0.0,0.221601,normal
2026-05-17 15:23:31.953,10.0.0.5,10.0.0.25,1,3.0,3,294,98.0,0.0,0.000369,normal
2026-05-17 15:23:31.953,10.0.0.10,10.0.0.25,1,3.0,3,294,98.0,0.0,0.000911,normal
2026-05-17 15:23:31.953,10.0.0.11,10.0.0.17,0,2.8874,3,294,98.0,0.0,2.8e-05,normal
2026-05-17 15:23:31.953,10.0.0.15,10.0.0.25,1,3.0,3,294,98.0,0.0,0.003937,normal
2026-05-17 15:23:31.953,10.0.0.11,10.0.0.25,1,14.9545,15,1470,98.0,0.0,0.090825,normal
2026-05-17 15:23:31.953,10.0.0.6,10.0.0.12,0,3.0,3,294,98.0,0.0,0.000365,normal
2026-05-17 15:23:31.953,10.0.0.2,10.0.0.25,1,3.09,4,392,98.0,0.0,0.566645,normal
2026-05-17 15:23:31.953,10.0.0.20,10.0.0.25,1,3.0,3,294,98.0,0.0,0.001914,normal
2026-05-17 15:23:31.953,10.0.0.6,10.0.0.25,1,6.0,6,588,98.0,0.0,0.221571,normal
2026-05-17 15:23:32.957,10.0.0.5,10.0.0.25,1,3.0,3,294,98.0,0.0,0.009244,normal
2026-05-17 15:23:32.957,10.0.0.10,10.0.0.25,1,3.0,3,294,98.0,0.0,0.002034,normal
2026-05-17 15:23:32.957,10.0.0.15,10.0.0.25,1,3.0,3,294,98.0,0.0,0.000747,normal
2026-05-17 15:23:32.957,10.0.0.11,10.0.0.25,1,14.9682,15,1470,98.0,0.0,0.090088,normal
2026-05-17 15:23:32.957,10.0.0.2,10.0.0.25,1,3.663,5,490,98.0,0.0,0.495409,normal
2026-05-17 15:23:32.957,10.0.0.20,10.0.0.25,1,3.0,3,294,98.0,0.0,0.001038,normal
2026-05-17 15:23:32.957,10.0.0.6,10.0.0.25,1,6.0,6,588,98.0,0.0,0.219689,normal
2026-05-17 15:23:33.959,10.0.0.5,10.0.0.25,1,3.0,3,294,98.0,0.0,0.001629,normal
2026-05-17 15:23:33.959,10.0.0.10,10.0.0.25,1,3.0,3,294,98.0,0.0,0.000916,normal
2026-05-17 15:23:33.959,10.0.0.11,10.0.0.17,0,2.9212,3,294,98.0,0.0,0.000588,normal
2026-05-17 15:23:33.959,10.0.0.15,10.0.0.25,1,3.0,3,294,98.0,0.0,0.002687,normal
2026-05-17 15:23:33.959,10.0.0.11,10.0.0.25,1,14.9777,15,1470,98.0,0.0,0.087829,normal
2026-05-17 15:23:33.959,10.0.0.6,10.0.0.12,0,3.0,3,294,98.0,0.0,0.000563,normal
2026-05-17 15:23:33.959,10.0.0.2,10.0.0.25,1,2.8641,1,98,98.0,0.0,0.0,normal
2026-05-17 15:23:33.959,10.0.0.20,10.0.0.25,1,3.0,3,294,98.0,0.0,0.002198,normal
2026-05-17 15:23:33.959,10.0.0.6,10.0.0.25,1,6.0,6,588,98.0,0.0,0.222597,normal
2026-05-17 15:23:34.962,10.0.0.5,10.0.0.25,1,3.0,3,294,98.0,0.0,0.002679,normal
2026-05-17 15:23:34.962,10.0.0.10,10.0.0.25,1,3.0,3,294,98.0,0.0,0.002094,normal
2026-05-17 15:23:34.962,10.0.0.15,10.0.0.25,1,3.0,3,294,98.0,0.0,0.003773,normal
2026-05-17 15:23:34.962,10.0.0.11,10.0.0.25,1,14.9844,15,1470,98.0,0.0,0.086249,normal
2026-05-17 15:23:34.962,10.0.0.2,10.0.0.25,1,2.6049,2,196,98.0,0.0,0.0,normal
2026-05-17 15:23:34.962,10.0.0.20,10.0.0.25,1,3.0,3,294,98.0,0.0,0.00269,normal
2026-05-17 15:23:34.962,10.0.0.6,10.0.0.25,1,6.0,6,588,98.0,0.0,0.220985,normal
2026-05-17 15:23:35.965,10.0.0.5,10.0.0.25,1,3.0,3,294,98.0,0.0,0.001033,normal
2026-05-17 15:23:35.965,10.0.0.10,10.0.0.25,1,3.0,3,294,98.0,0.0,6.6e-05,normal
2026-05-17 15:23:35.965,10.0.0.11,10.0.0.17,0,2.9448,3,294,98.0,0.0,0.001712,normal
2026-05-17 15:23:35.965,10.0.0.15,10.0.0.25,1,3.0,3,294,98.0,0.0,0.000148,normal
2026-05-17 15:23:35.965,10.0.0.11,10.0.0.25,1,14.9891,15,1470,98.0,0.0,0.089751,normal
2026-05-17 15:23:35.965,10.0.0.6,10.0.0.12,0,3.0,3,294,98.0,0.0,0.000297,normal
2026-05-17 15:23:35.965,10.0.0.2,10.0.0.25,1,3.3234,5,490,98.0,0.0,0.496106,normal
2026-05-17 15:23:35.965,10.0.0.20,10.0.0.25,1,3.0,3,294,98.0,0.0,0.000812,normal
2026-05-17 15:23:35.965,10.0.0.6,10.0.0.25,1,5.1,3,294,98.0,0.0,0.000288,normal
2026-05-17 15:23:36.970,10.0.0.5,10.0.0.25,1,3.0,3,294,98.0,0.0,0.003849,normal
2026-05-17 15:23:36.970,10.0.0.10,10.0.0.25,1,3.0,3,294,98.0,0.0,0.002065,normal
2026-05-17 15:23:36.970,10.0.0.15,10.0.0.25,1,3.0,3,294,98.0,0.0,0.000655,normal
2026-05-17 15:23:36.970,10.0.0.11,10.0.0.25,1,14.6924,14,1372,98.0,0.0,0.090657,normal
2026-05-17 15:23:36.970,10.0.0.20,10.0.0.25,1,3.0,3,294,98.0,0.0,0.001318,normal
2026-05-17 15:23:37.977,10.0.0.5,10.0.0.25,1,3.0,3,294,98.0,0.0,0.001751,normal
2026-05-17 15:23:37.977,10.0.0.10,10.0.0.25,1,3.0,3,294,98.0,0.0,0.006041,normal
2026-05-17 15:23:37.977,10.0.0.11,10.0.0.17,0,2.9614,3,294,98.0,0.0,0.001764,normal
2026-05-17 15:23:37.977,10.0.0.15,10.0.0.25,1,3.0,3,294,98.0,0.0,0.001572,normal
2026-05-17 15:23:37.977,10.0.0.11,10.0.0.25,1,14.7846,15,1470,98.0,0.0,0.089837,normal
2026-05-17 15:23:37.977,10.0.0.2,10.0.0.25,1,3.8264,5,490,98.0,0.0,0.48966,normal
2026-05-17 15:23:37.977,10.0.0.20,10.0.0.25,1,3.0,3,294,98.0,0.0,0.000262,normal
2026-05-17 15:23:38.979,10.0.0.5,10.0.0.25,1,3.0,3,294,98.0,0.0,0.002905,normal
2026-05-17 15:23:38.979,10.0.0.10,10.0.0.25,1,3.0,3,294,98.0,0.0,0.00334,normal
2026-05-17 15:23:38.979,10.0.0.15,10.0.0.25,1,3.0,3,294,98.0,0.0,0.002898,normal
2026-05-17 15:23:38.979,10.0.0.11,10.0.0.25,1,14.5493,14,1372,98.0,0.0,0.094264,normal
2026-05-17 15:23:38.979,10.0.0.2,10.0.0.25,1,3.5785,3,294,98.0,0.0,0.000511,normal
2026-05-17 15:23:38.979,10.0.0.20,10.0.0.25,1,3.0,3,294,98.0,0.0,0.00248,normal
2026-05-17 15:23:39.982,10.0.0.5,10.0.0.25,1,3.0,3,294,98.0,0.0,0.001283,normal
2026-05-17 15:23:39.982,10.0.0.10,10.0.0.25,1,3.0,3,294,98.0,0.0,0.00177,normal
2026-05-17 15:23:39.982,10.0.0.11,10.0.0.17,0,2.973,3,294,98.0,0.0,0.004138,normal
2026-05-17 15:23:39.982,10.0.0.15,10.0.0.25,1,3.0,3,294,98.0,0.0,0.000447,normal
2026-05-17 15:23:39.982,10.0.0.11,10.0.0.25,1,14.0845,13,1274,98.0,0.0,0.095009,normal
2026-05-17 15:23:39.982,10.0.0.20,10.0.0.25,1,3.0,3,294,98.0,0.0,0.000566,normal
2026-05-17 15:23:40.988,10.0.0.5,10.0.0.25,1,3.0,3,294,98.0,0.0,0.000456,normal
2026-05-17 15:23:40.988,10.0.0.10,10.0.0.25,1,3.0,3,294,98.0,0.0,1.1e-05,normal
2026-05-17 15:23:40.988,10.0.0.15,10.0.0.25,1,3.0,3,294,98.0,0.0,0.000963,normal
2026-05-17 15:23:40.988,10.0.0.11,10.0.0.25,1,13.4591,12,1176,98.0,0.0,0.090149,normal
2026-05-17 15:23:40.988,10.0.0.20,10.0.0.25,1,3.0,3,294,98.0,0.0,0.001321,normal
2026-05-17 15:23:41.992,10.0.0.5,10.0.0.25,1,3.0,3,294,98.0,0.0,0.001128,normal
2026-05-17 15:23:41.992,10.0.0.10,10.0.0.25,1,3.0,3,294,98.0,0.0,0.009135,normal
2026-05-17 15:23:41.992,10.0.0.11,10.0.0.17,0,2.9811,3,294,98.0,0.0,5.4e-05,normal
2026-05-17 15:23:41.992,10.0.0.15,10.0.0.25,1,3.0,3,294,98.0,0.0,0.004285,normal
2026-05-17 15:23:41.992,10.0.0.11,10.0.0.25,1,13.6214,14,1372,98.0,0.0,0.089266,normal
2026-05-17 15:23:41.992,10.0.0.2,10.0.0.25,1,3.4049,3,294,98.0,0.0,0.696024,normal
2026-05-17 15:23:41.992,10.0.0.20,10.0.0.25,1,3.0,3,294,98.0,0.0,0.000455,normal
2026-05-17 15:23:42.994,10.0.0.5,10.0.0.25,1,3.0,3,294,98.0,0.0,0.000294,normal
2026-05-17 15:23:42.994,10.0.0.10,10.0.0.25,1,3.0,3,294,98.0,0.0,0.000227,normal
2026-05-17 15:23:42.994,10.0.0.15,10.0.0.25,1,3.0,3,294,98.0,0.0,0.000237,normal
2026-05-17 15:23:42.994,10.0.0.11,10.0.0.25,1,14.035,15,1470,98.0,0.0,0.091049,normal
2026-05-17 15:23:42.994,10.0.0.2,10.0.0.25,1,2.9835,2,196,98.0,0.0,0.0,normal
2026-05-17 15:23:42.994,10.0.0.20,10.0.0.25,1,3.0,3,294,98.0,0.0,0.002088,normal
2026-05-17 15:23:43.996,10.0.0.5,10.0.0.25,1,3.0,3,294,98.0,0.0,0.003552,normal
2026-05-17 15:23:43.996,10.0.0.10,10.0.0.25,1,3.0,3,294,98.0,0.0,0.000882,normal
2026-05-17 15:23:43.996,10.0.0.11,10.0.0.17,0,2.9868,3,294,98.0,0.0,0.000416,normal
2026-05-17 15:23:43.996,10.0.0.15,10.0.0.25,1,3.0,3,294,98.0,0.0,0.000584,normal
2026-05-17 15:23:43.996,10.0.0.11,10.0.0.25,1,14.3245,15,1470,98.0,0.0,0.090725,normal
2026-05-17 15:23:43.996,10.0.0.2,10.0.0.25,1,3.2884,4,392,98.0,0.0,0.573204,normal
2026-05-17 15:23:43.996,10.0.0.20,10.0.0.25,1,3.0,3,294,98.0,0.0,0.000879,normal
2026-05-17 15:23:45.002,10.0.0.5,10.0.0.25,1,3.0,3,294,98.0,0.0,0.000448,normal
2026-05-17 15:23:45.002,10.0.0.10,10.0.0.25,1,3.0,3,294,98.0,0.0,0.000221,normal
2026-05-17 15:23:45.002,10.0.0.15,10.0.0.25,1,3.0,3,294,98.0,0.0,0.000809,normal
2026-05-17 15:23:45.002,10.0.0.11,10.0.0.25,1,14.5271,15,1470,98.0,0.0,0.089423,normal
2026-05-17 15:23:45.002,10.0.0.2,10.0.0.25,1,3.2019,3,294,98.0,0.0,3.5e-05,normal
2026-05-17 15:23:45.002,10.0.0.20,10.0.0.25,1,3.0,3,294,98.0,0.0,0.00321,normal
2026-05-17 15:23:46.005,10.0.0.5,10.0.0.25,1,3.0,3,294,98.0,0.0,0.009276,normal
2026-05-17 15:23:46.005,10.0.0.10,10.0.0.25,1,3.0,3,294,98.0,0.0,0.000465,normal
2026-05-17 15:23:46.005,10.0.0.11,10.0.0.17,0,2.9907,3,294,98.0,0.0,0.000165,normal
2026-05-17 15:23:46.005,10.0.0.15,10.0.0.25,1,3.0,3,294,98.0,0.0,0.000321,normal
2026-05-17 15:23:46.005,10.0.0.11,10.0.0.25,1,14.669,15,1470,98.0,0.0,0.089852,normal
2026-05-17 15:23:46.005,10.0.0.2,10.0.0.25,1,2.8413,2,196,98.0,0.0,0.0,normal
2026-05-17 15:23:46.005,10.0.0.20,10.0.0.25,1,3.0,3,294,98.0,0.0,0.000153,normal
2026-05-17 15:23:47.014,10.0.0.5,10.0.0.25,1,3.0,3,294,98.0,0.0,0.009206,normal
2026-05-17 15:23:47.014,10.0.0.10,10.0.0.25,1,3.0,3,294,98.0,0.0,0.001275,normal
2026-05-17 15:23:47.014,10.0.0.15,10.0.0.25,1,3.0,3,294,98.0,0.0,0.000781,normal
2026-05-17 15:23:47.014,10.0.0.11,10.0.0.25,1,14.7683,15,1470,98.0,0.0,0.087754,normal
2026-05-17 15:23:47.014,10.0.0.2,10.0.0.25,1,3.1889,4,392,98.0,0.0,0.566802,normal
2026-05-17 15:23:47.014,10.0.0.20,10.0.0.25,1,3.0,3,294,98.0,0.0,0.000329,normal
2026-05-17 15:23:48.020,10.0.0.5,10.0.0.25,1,3.0,3,294,98.0,0.0,0.000193,normal
2026-05-17 15:23:48.020,10.0.0.10,10.0.0.25,1,3.0,3,294,98.0,0.0,0.0001,normal
2026-05-17 15:23:48.020,10.0.0.11,10.0.0.17,0,2.9935,3,294,98.0,0.0,0.000481,normal
2026-05-17 15:23:48.020,10.0.0.15,10.0.0.25,1,3.0,3,294,98.0,0.0,0.003384,normal
2026-05-17 15:23:48.020,10.0.0.11,10.0.0.25,1,14.8378,15,1470,98.0,0.0,0.089831,normal
2026-05-17 15:23:48.020,10.0.0.2,10.0.0.25,1,3.1322,3,294,98.0,0.0,0.00188,normal
2026-05-17 15:23:48.020,10.0.0.20,10.0.0.25,1,3.0,3,294,98.0,0.0,0.000428,normal
2026-05-17 15:23:49.022,10.0.0.5,10.0.0.25,1,3.0,3,294,98.0,0.0,0.000158,normal
2026-05-17 15:23:49.022,10.0.0.10,10.0.0.25,1,3.0,3,294,98.0,0.0,0.003413,normal
2026-05-17 15:23:49.022,10.0.0.15,10.0.0.25,1,3.0,3,294,98.0,0.0,0.003312,normal
2026-05-17 15:23:49.022,10.0.0.11,10.0.0.25,1,14.8865,15,1470,98.0,0.0,0.087416,normal
2026-05-17 15:23:49.022,10.0.0.2,10.0.0.25,1,3.0926,3,294,98.0,0.0,0.00188,normal
2026-05-17 15:23:49.022,10.0.0.20,10.0.0.25,1,3.0,3,294,98.0,0.0,0.004606,normal
2026-05-17 15:23:50.026,10.0.0.5,10.0.0.25,1,3.0,3,294,98.0,0.0,0.000574,normal
2026-05-17 15:23:50.026,10.0.0.10,10.0.0.25,1,3.0,3,294,98.0,0.0,0.00246,normal
2026-05-17 15:23:50.026,10.0.0.11,10.0.0.17,0,2.9955,3,294,98.0,0.0,0.001328,normal
2026-05-17 15:23:50.026,10.0.0.15,10.0.0.25,1,3.0,3,294,98.0,0.0,0.000886,normal
2026-05-17 15:23:50.026,10.0.0.11,10.0.0.25,1,14.9205,15,1470,98.0,0.0,0.09121,normal
2026-05-17 15:23:50.026,10.0.0.2,10.0.0.25,1,3.0648,3,294,98.0,0.0,0.000538,normal
2026-05-17 15:23:50.026,10.0.0.20,10.0.0.25,1,3.0,3,294,98.0,0.0,0.001345,normal
2026-05-17 15:23:51.029,10.0.0.5,10.0.0.25,1,3.0,3,294,98.0,0.0,0.002034,normal
2026-05-17 15:23:51.029,10.0.0.10,10.0.0.25,1,3.0,3,294,98.0,0.0,0.001453,normal
2026-05-17 15:23:51.029,10.0.0.15,10.0.0.25,1,3.0,3,294,98.0,0.0,0.000771,normal
2026-05-17 15:23:51.029,10.0.0.11,10.0.0.25,1,14.9444,15,1470,98.0,0.0,0.09088,normal
2026-05-17 15:23:51.029,10.0.0.2,10.0.0.25,1,3.0454,3,294,98.0,0.0,0.000471,normal
2026-05-17 15:23:51.029,10.0.0.20,10.0.0.25,1,3.0,3,294,98.0,0.0,0.00038,normal
2026-05-17 15:23:52.043,10.0.0.5,10.0.0.25,1,3.0,3,294,98.0,0.0,0.001146,normal
2026-05-17 15:23:52.043,10.0.0.10,10.0.0.25,1,3.0,3,294,98.0,0.0,0.002285,normal
2026-05-17 15:23:52.043,10.0.0.11,10.0.0.17,0,2.9968,3,294,98.0,0.0,0.001722,normal
2026-05-17 15:23:52.043,10.0.0.15,10.0.0.25,1,3.0,3,294,98.0,0.0,0.00304,normal
2026-05-17 15:23:52.043,10.0.0.11,10.0.0.25,1,14.9611,15,1470,98.0,0.0,0.088695,normal
2026-05-17 15:23:52.043,10.0.0.2,10.0.0.25,1,3.0318,3,294,98.0,0.0,0.001786,normal
2026-05-17 15:23:52.043,10.0.0.20,10.0.0.25,1,3.0,3,294,98.0,0.0,0.000464,normal
2026-05-17 15:23:53.044,10.0.0.5,10.0.0.25,1,3.0,3,294,98.0,0.0,0.00018,normal
2026-05-17 15:23:53.044,10.0.0.10,10.0.0.25,1,3.0,3,294,98.0,0.0,0.000267,normal
2026-05-17 15:23:53.044,10.0.0.15,10.0.0.25,1,3.0,3,294,98.0,0.0,0.000578,normal
2026-05-17 15:23:53.044,10.0.0.11,10.0.0.25,1,14.9727,15,1470,98.0,0.0,0.091341,normal
2026-05-17 15:23:53.044,10.0.0.2,10.0.0.25,1,3.0222,3,294,98.0,0.0,1.6e-05,normal
2026-05-17 15:23:53.044,10.0.0.20,10.0.0.25,1,3.0,3,294,98.0,0.0,5.8e-05,normal
2026-05-17 15:23:54.048,10.0.0.5,10.0.0.25,1,3.0,3,294,98.0,0.0,0.001677,normal
2026-05-17 15:23:54.048,10.0.0.10,10.0.0.25,1,3.0,3,294,98.0,0.0,0.00277,normal
2026-05-17 15:23:54.048,10.0.0.11,10.0.0.17,0,2.9978,3,294,98.0,0.0,0.002378,normal
2026-05-17 15:23:54.048,10.0.0.15,10.0.0.25,1,3.0,3,294,98.0,0.0,0.000837,normal
2026-05-17 15:23:54.048,10.0.0.11,10.0.0.25,1,14.9809,15,1470,98.0,0.0,0.091947,normal
2026-05-17 15:23:54.048,10.0.0.2,10.0.0.25,1,3.0156,3,294,98.0,0.0,0.003107,normal
2026-05-17 15:23:54.048,10.0.0.20,10.0.0.25,1,3.0,3,294,98.0,0.0,0.001747,normal
2026-05-17 15:23:55.058,10.0.0.5,10.0.0.25,1,3.0,3,294,98.0,0.0,0.000689,normal
2026-05-17 15:23:55.058,10.0.0.10,10.0.0.25,1,3.0,3,294,98.0,0.0,0.000499,normal
2026-05-17 15:23:55.058,10.0.0.15,10.0.0.25,1,3.0,3,294,98.0,0.0,0.000465,normal
2026-05-17 15:23:55.058,10.0.0.11,10.0.0.25,1,14.9866,15,1470,98.0,0.0,0.089446,normal
2026-05-17 15:23:55.058,10.0.0.2,10.0.0.25,1,3.0109,3,294,98.0,0.0,0.001719,normal
2026-05-17 15:23:55.058,10.0.0.20,10.0.0.25,1,3.0,3,294,98.0,0.0,0.004768,normal
2026-05-17 15:23:56.061,10.0.0.5,10.0.0.25,1,3.0,3,294,98.0,0.0,0.00212,normal
2026-05-17 15:23:56.061,10.0.0.10,10.0.0.25,1,3.0,3,294,98.0,0.0,0.003968,normal
2026-05-17 15:23:56.061,10.0.0.11,10.0.0.17,0,2.9984,3,294,98.0,0.0,0.002493,normal
2026-05-17 15:23:56.061,10.0.0.15,10.0.0.25,1,3.0,3,294,98.0,0.0,0.003077,normal
2026-05-17 15:23:56.061,10.0.0.11,10.0.0.25,1,14.9906,15,1470,98.0,0.0,0.086284,normal
2026-05-17 15:23:56.061,10.0.0.2,10.0.0.25,1,3.0076,3,294,98.0,0.0,0.002554,normal
2026-05-17 15:23:56.061,10.0.0.20,10.0.0.25,1,3.0,3,294,98.0,0.0,0.001986,normal
2026-05-17 15:23:57.068,10.0.0.5,10.0.0.25,1,3.0,3,294,98.0,0.0,0.001766,normal
2026-05-17 15:23:57.068,10.0.0.10,10.0.0.25,1,3.0,3,294,98.0,0.0,0.000954,normal
2026-05-17 15:23:57.068,10.0.0.15,10.0.0.25,1,3.0,3,294,98.0,0.0,0.006195,normal
2026-05-17 15:23:57.068,10.0.0.11,10.0.0.25,1,14.9935,15,1470,98.0,0.0,0.086558,normal
2026-05-17 15:23:57.068,10.0.0.2,10.0.0.25,1,3.0053,3,294,98.0,0.0,0.000523,normal
2026-05-17 15:23:57.068,10.0.0.20,10.0.0.25,1,3.0,3,294,98.0,0.0,0.000722,normal
2026-05-17 15:23:58.071,10.0.0.5,10.0.0.25,1,3.0,3,294,98.0,0.0,0.001511,normal
2026-05-17 15:23:58.071,10.0.0.10,10.0.0.25,1,3.0,3,294,98.0,0.0,0.000223,normal
2026-05-17 15:23:58.071,10.0.0.11,10.0.0.17,0,2.9989,3,294,98.0,0.0,0.001282,normal
2026-05-17 15:23:58.071,10.0.0.15,10.0.0.25,1,3.0,3,294,98.0,0.0,0.001925,normal
2026-05-17 15:23:58.071,10.0.0.11,10.0.0.25,1,14.9954,15,1470,98.0,0.0,0.089981,normal
2026-05-17 15:23:58.071,10.0.0.2,10.0.0.25,1,3.0037,3,294,98.0,0.0,0.002688,normal
2026-05-17 15:23:58.071,10.0.0.20,10.0.0.25,1,3.0,3,294,98.0,0.0,0.002363,normal
2026-05-17 15:23:59.074,10.0.0.5,10.0.0.25,1,3.0,3,294,98.0,0.0,0.00385,normal
2026-05-17 15:23:59.074,10.0.0.10,10.0.0.25,1,3.0,3,294,98.0,0.0,0.002604,normal
2026-05-17 15:23:59.074,10.0.0.15,10.0.0.25,1,3.0,3,294,98.0,0.0,0.004185,normal
2026-05-17 15:23:59.074,10.0.0.11,10.0.0.25,1,14.9968,15,1470,98.0,0.0,0.086923,normal
2026-05-17 15:23:59.074,10.0.0.2,10.0.0.25,1,3.0026,3,294,98.0,0.0,0.000841,normal
2026-05-17 15:23:59.074,10.0.0.20,10.0.0.25,1,3.0,3,294,98.0,0.0,0.00419,normal
2026-05-17 15:24:00.079,10.0.0.5,10.0.0.25,1,3.0,3,294,98.0,0.0,0.00484,normal
2026-05-17 15:24:00.079,10.0.0.10,10.0.0.25,1,3.0,3,294,98.0,0.0,0.003216,normal
2026-05-17 15:24:00.079,10.0.0.11,10.0.0.17,0,2.9992,3,294,98.0,0.0,0.00294,normal
2026-05-17 15:24:00.079,10.0.0.15,10.0.0.25,1,3.0,3,294,98.0,0.0,0.002545,normal
2026-05-17 15:24:00.079,10.0.0.11,10.0.0.25,1,14.9978,15,1470,98.0,0.0,0.091,normal
2026-05-17 15:24:00.079,10.0.0.2,10.0.0.25,1,3.0018,3,294,98.0,0.0,1.8e-05,normal
2026-05-17 15:24:00.079,10.0.0.20,10.0.0.25,1,3.0,3,294,98.0,0.0,0.001006,normal
2026-05-17 15:24:01.081,10.0.0.5,10.0.0.25,1,3.0,3,294,98.0,0.0,0.001935,normal
2026-05-17 15:24:01.081,10.0.0.10,10.0.0.25,1,3.0,3,294,98.0,0.0,4.9e-05,normal
2026-05-17 15:24:01.081,10.0.0.15,10.0.0.25,1,3.0,3,294,98.0,0.0,0.001749,normal
2026-05-17 15:24:01.081,10.0.0.11,10.0.0.25,1,14.9984,15,1470,98.0,0.0,0.085765,normal
2026-05-17 15:24:01.081,10.0.0.2,10.0.0.25,1,3.0013,3,294,98.0,0.0,0.00489,normal
2026-05-17 15:24:01.081,10.0.0.20,10.0.0.25,1,3.0,3,294,98.0,0.0,0.000179,normal
2026-05-17 15:24:02.086,10.0.0.5,10.0.0.25,1,3.0,3,294,98.0,0.0,0.001259,normal
2026-05-17 15:24:02.086,10.0.0.10,10.0.0.25,1,3.0,3,294,98.0,0.0,0.000857,normal
2026-05-17 15:24:02.086,10.0.0.11,10.0.0.17,0,2.9995,3,294,98.0,0.0,0.000374,normal
2026-05-17 15:24:02.086,10.0.0.15,10.0.0.25,1,3.0,3,294,98.0,0.0,0.000985,normal
2026-05-17 15:24:02.086,10.0.0.11,10.0.0.25,1,14.9989,15,1470,98.0,0.0,0.089692,normal
2026-05-17 15:24:02.086,10.0.0.2,10.0.0.25,1,3.0009,3,294,98.0,0.0,0.000167,normal
2026-05-17 15:24:02.086,10.0.0.20,10.0.0.25,1,3.0,3,294,98.0,0.0,0.000764,normal
2026-05-17 15:24:03.097,10.0.0.5,10.0.0.25,1,3.0,3,294,98.0,0.0,6.5e-05,normal
2026-05-17 15:24:03.097,10.0.0.10,10.0.0.25,1,3.0,3,294,98.0,0.0,9e-06,normal
2026-05-17 15:24:03.097,10.0.0.15,10.0.0.25,1,3.0,3,294,98.0,0.0,0.000306,normal
2026-05-17 15:24:03.097,10.0.0.11,10.0.0.25,1,14.9992,15,1470,98.0,0.0,0.09086,normal
2026-05-17 15:24:03.097,10.0.0.2,10.0.0.25,1,3.0006,3,294,98.0,0.0,0.003786,normal
2026-05-17 15:24:03.097,10.0.0.20,10.0.0.25,1,3.0,3,294,98.0,0.0,0.00042,normal
2026-05-17 15:24:04.099,10.0.0.5,10.0.0.25,1,3.0,3,294,98.0,0.0,0.001019,normal
2026-05-17 15:24:04.099,10.0.0.10,10.0.0.25,1,3.0,3,294,98.0,0.0,0.004053,normal
2026-05-17 15:24:04.099,10.0.0.11,10.0.0.17,0,2.9996,3,294,98.0,0.0,0.000379,normal
2026-05-17 15:24:04.099,10.0.0.15,10.0.0.25,1,3.0,3,294,98.0,0.0,0.000828,normal
2026-05-17 15:24:04.099,10.0.0.11,10.0.0.25,1,14.9995,15,1470,98.0,0.0,0.09022,normal
2026-05-17 15:24:04.099,10.0.0.2,10.0.0.25,1,3.0004,3,294,98.0,0.0,0.003635,normal
2026-05-17 15:24:04.099,10.0.0.20,10.0.0.25,1,3.0,3,294,98.0,0.0,0.000266,normal
2026-05-17 15:24:05.101,10.0.0.5,10.0.0.25,1,3.0,3,294,98.0,0.0,4e-06,normal
2026-05-17 15:24:05.101,10.0.0.10,10.0.0.25,1,3.0,3,294,98.0,0.0,0.000679,normal
2026-05-17 15:24:05.101,10.0.0.11,10.0.0.17,0,2.6997,2,196,98.0,0.0,0.0,normal
2026-05-17 15:24:05.101,10.0.0.15,10.0.0.25,1,3.0,3,294,98.0,0.0,0.003313,normal
2026-05-17 15:24:05.101,10.0.0.11,10.0.0.25,1,14.9996,15,1470,98.0,0.0,0.088481,normal
2026-05-17 15:24:05.101,10.0.0.2,10.0.0.25,1,3.0003,3,294,98.0,0.0,0.001375,normal
2026-05-17 15:24:05.101,10.0.0.20,10.0.0.25,1,3.0,3,294,98.0,0.0,4.5e-05,normal
2026-05-17 15:24:06.106,10.0.0.5,10.0.0.25,1,3.0,3,294,98.0,0.0,0.001781,normal
2026-05-17 15:24:06.106,10.0.0.10,10.0.0.25,1,3.0,3,294,98.0,0.0,0.000506,normal
2026-05-17 15:24:06.106,10.0.0.15,10.0.0.25,1,3.0,3,294,98.0,0.0,0.001723,normal
2026-05-17 15:24:06.106,10.0.0.11,10.0.0.25,1,14.9997,15,1470,98.0,0.0,0.089999,normal
2026-05-17 15:24:06.106,10.0.0.2,10.0.0.25,1,3.0002,3,294,98.0,0.0,0.003949,normal
2026-05-17 15:24:06.106,10.0.0.20,10.0.0.25,1,3.0,3,294,98.0,0.0,3e-05,normal
2026-05-17 15:24:07.111,10.0.0.5,10.0.0.25,1,3.0,3,294,98.0,0.0,0.001456,normal
2026-05-17 15:24:07.111,10.0.0.10,10.0.0.25,1,3.0,3,294,98.0,0.0,0.002216,normal
2026-05-17 15:24:07.111,10.0.0.11,10.0.0.17,0,2.7898,3,294,98.0,0.0,0.000397,normal
2026-05-17 15:24:07.111,10.0.0.15,10.0.0.25,1,3.0,3,294,98.0,0.0,0.00028,normal
2026-05-17 15:24:07.111,10.0.0.11,10.0.0.25,1,14.9998,15,1470,98.0,0.0,0.08977,normal
2026-05-17 15:24:07.111,10.0.0.2,10.0.0.25,1,3.0002,3,294,98.0,0.0,0.000858,normal
2026-05-17 15:24:07.111,10.0.0.20,10.0.0.25,1,3.0,3,294,98.0,0.0,0.000417,normal
2026-05-17 15:24:08.116,10.0.0.5,10.0.0.25,1,3.0,3,294,98.0,0.0,0.000211,normal
2026-05-17 15:24:08.116,10.0.0.10,10.0.0.25,1,3.0,3,294,98.0,0.0,0.001781,normal
2026-05-17 15:24:08.116,10.0.0.15,10.0.0.25,1,3.0,3,294,98.0,0.0,0.001315,normal
2026-05-17 15:24:08.116,10.0.0.11,10.0.0.25,1,14.9999,15,1470,98.0,0.0,0.090426,normal
2026-05-17 15:24:08.116,10.0.0.2,10.0.0.25,1,3.0001,3,294,98.0,0.0,0.000184,normal
2026-05-17 15:24:08.116,10.0.0.20,10.0.0.25,1,3.0,3,294,98.0,0.0,0.000119,normal
2026-05-17 15:24:09.119,10.0.0.5,10.0.0.25,1,3.0,3,294,98.0,0.0,0.00016,normal
2026-05-17 15:24:09.119,10.0.0.10,10.0.0.25,1,3.0,3,294,98.0,0.0,0.000693,normal
2026-05-17 15:24:09.119,10.0.0.11,10.0.0.17,0,2.8529,3,294,98.0,0.0,0.001245,normal
2026-05-17 15:24:09.119,10.0.0.15,10.0.0.25,1,3.0,3,294,98.0,0.0,0.000279,normal
2026-05-17 15:24:09.119,10.0.0.11,10.0.0.25,1,14.9999,15,1470,98.0,0.0,0.092334,normal
2026-05-17 15:24:09.119,10.0.0.2,10.0.0.25,1,3.0001,3,294,98.0,0.0,0.000574,normal
2026-05-17 15:24:09.119,10.0.0.20,10.0.0.25,1,3.0,3,294,98.0,0.0,0.001442,normal
2026-05-17 15:24:10.124,10.0.0.5,10.0.0.25,1,3.0,3,294,98.0,0.0,0.003833,normal
2026-05-17 15:24:10.124,10.0.0.10,10.0.0.25,1,3.0,3,294,98.0,0.0,0.000556,normal
2026-05-17 15:24:10.124,10.0.0.15,10.0.0.25,1,3.0,3,294,98.0,0.0,0.001325,normal
2026-05-17 15:24:10.124,10.0.0.11,10.0.0.25,1,14.9999,15,1470,98.0,0.0,0.089489,normal
2026-05-17 15:24:10.124,10.0.0.2,10.0.0.25,1,3.0001,3,294,98.0,0.0,0.003505,normal
2026-05-17 15:24:10.124,10.0.0.20,10.0.0.25,1,3.0,3,294,98.0,0.0,0.001303,normal
2026-05-17 15:24:11.126,10.0.0.5,10.0.0.25,1,3.0,3,294,98.0,0.0,0.000818,normal
2026-05-17 15:24:11.126,10.0.0.10,10.0.0.25,1,3.0,3,294,98.0,0.0,0.000391,normal
2026-05-17 15:24:11.126,10.0.0.11,10.0.0.17,0,2.897,3,294,98.0,0.0,0.002042,normal
2026-05-17 15:24:11.126,10.0.0.15,10.0.0.25,1,3.0,3,294,98.0,0.0,0.000841,normal
2026-05-17 15:24:11.126,10.0.0.11,10.0.0.25,1,15.0,15,1470,98.0,0.0,0.090694,normal
2026-05-17 15:24:11.126,10.0.0.2,10.0.0.25,1,3.0,3,294,98.0,0.0,0.000526,normal
2026-05-17 15:24:11.126,10.0.0.20,10.0.0.25,1,3.0,3,294,98.0,0.0,0.000434,normal
2026-05-17 15:24:12.133,10.0.0.5,10.0.0.25,1,3.0,3,294,98.0,0.0,0.001127,normal
2026-05-17 15:24:12.133,10.0.0.10,10.0.0.25,1,3.0,3,294,98.0,0.0,0.00017,normal
2026-05-17 15:24:12.133,10.0.0.15,10.0.0.25,1,3.0,3,294,98.0,0.0,0.000141,normal
2026-05-17 15:24:12.133,10.0.0.11,10.0.0.25,1,15.0,15,1470,98.0,0.0,0.090894,normal
2026-05-17 15:24:12.133,10.0.0.2,10.0.0.25,1,3.0,3,294,98.0,0.0,0.000119,normal
2026-05-17 15:24:12.133,10.0.0.20,10.0.0.25,1,3.0,3,294,98.0,0.0,0.00387,normal
2026-05-17 15:24:13.135,10.0.0.5,10.0.0.25,1,3.0,3,294,98.0,0.0,0.006419,normal
2026-05-17 15:24:13.135,10.0.0.10,10.0.0.25,1,3.0,3,294,98.0,0.0,0.000372,normal
2026-05-17 15:24:13.135,10.0.0.11,10.0.0.17,0,2.9279,3,294,98.0,0.0,0.002744,normal
2026-05-17 15:24:13.135,10.0.0.15,10.0.0.25,1,3.0,3,294,98.0,0.0,0.001196,normal
2026-05-17 15:24:13.135,10.0.0.11,10.0.0.25,1,15.0,15,1470,98.0,0.0,0.089993,normal
2026-05-17 15:24:13.135,10.0.0.2,10.0.0.25,1,3.0,3,294,98.0,0.0,0.00061,normal
2026-05-17 15:24:13.135,10.0.0.20,10.0.0.25,1,3.0,3,294,98.0,0.0,0.000959,normal
2026-05-17 15:24:14.139,10.0.0.5,10.0.0.25,1,3.0,3,294,98.0,0.0,0.000402,normal
2026-05-17 15:24:14.139,10.0.0.10,10.0.0.25,1,3.0,3,294,98.0,0.0,0.002156,normal
2026-05-17 15:24:14.139,10.0.0.15,10.0.0.25,1,3.0,3,294,98.0,0.0,0.001703,normal
2026-05-17 15:24:14.139,10.0.0.11,10.0.0.25,1,15.0,15,1470,98.0,0.0,0.090544,normal
2026-05-17 15:24:14.139,10.0.0.2,10.0.0.25,1,3.0,3,294,98.0,0.0,0.001274,normal
2026-05-17 15:24:14.139,10.0.0.20,10.0.0.25,1,3.0,3,294,98.0,0.0,0.000174,normal
2026-05-17 15:24:15.141,10.0.0.5,10.0.0.25,1,3.0,3,294,98.0,0.0,0.000947,normal
2026-05-17 15:24:15.141,10.0.0.10,10.0.0.25,1,3.0,3,294,98.0,0.0,0.009827,normal
2026-05-17 15:24:15.141,10.0.0.11,10.0.0.17,0,2.9495,3,294,98.0,0.0,0.001045,normal
2026-05-17 15:24:15.141,10.0.0.15,10.0.0.25,1,3.0,3,294,98.0,0.0,0.001059,normal
2026-05-17 15:24:15.141,10.0.0.11,10.0.0.25,1,15.0,15,1470,98.0,0.0,0.088745,normal
2026-05-17 15:24:15.141,10.0.0.2,10.0.0.25,1,3.0,3,294,98.0,0.0,0.000562,normal
2026-05-17 15:24:15.141,10.0.0.20,10.0.0.25,1,3.0,3,294,98.0,0.0,0.000138,normal
2026-05-17 15:24:16.144,10.0.0.5,10.0.0.25,1,3.0,3,294,98.0,0.0,4.3e-05,normal
2026-05-17 15:24:16.144,10.0.0.10,10.0.0.25,1,3.0,3,294,98.0,0.0,0.001722,normal
2026-05-17 15:24:16.144,10.0.0.15,10.0.0.25,1,3.0,3,294,98.0,0.0,0.001729,normal
2026-05-17 15:24:16.144,10.0.0.11,10.0.0.25,1,15.0,15,1470,98.0,0.0,0.091575,normal
2026-05-17 15:24:16.144,10.0.0.2,10.0.0.25,1,3.0,3,294,98.0,0.0,0.000908,normal
2026-05-17 15:24:16.144,10.0.0.20,10.0.0.25,1,3.0,3,294,98.0,0.0,0.000944,normal
2026-05-17 15:24:17.147,10.0.0.5,10.0.0.25,1,3.0,3,294,98.0,0.0,0.005418,normal
2026-05-17 15:24:17.147,10.0.0.10,10.0.0.25,1,3.0,3,294,98.0,0.0,0.002393,normal
2026-05-17 15:24:17.147,10.0.0.11,10.0.0.17,0,2.9647,3,294,98.0,0.0,0.00012,normal
2026-05-17 15:24:17.147,10.0.0.15,10.0.0.25,1,3.0,3,294,98.0,0.0,0.000236,normal
2026-05-17 15:24:17.147,10.0.0.11,10.0.0.25,1,15.0,15,1470,98.0,0.0,0.089749,normal
2026-05-17 15:24:17.147,10.0.0.2,10.0.0.25,1,3.0,3,294,98.0,0.0,0.001237,normal
2026-05-17 15:24:17.147,10.0.0.20,10.0.0.25,1,3.0,3,294,98.0,0.0,0.001064,normal
2026-05-17 15:24:18.149,10.0.0.5,10.0.0.25,1,3.0,3,294,98.0,0.0,0.003878,normal
2026-05-17 15:24:18.149,10.0.0.10,10.0.0.25,1,3.0,3,294,98.0,0.0,0.000135,normal
2026-05-17 15:24:18.149,10.0.0.15,10.0.0.25,1,3.0,3,294,98.0,0.0,0.000392,normal
2026-05-17 15:24:18.149,10.0.0.11,10.0.0.25,1,15.0,15,1470,98.0,0.0,0.089601,normal
2026-05-17 15:24:18.149,10.0.0.2,10.0.0.25,1,3.0,3,294,98.0,0.0,0.0076,normal
2026-05-17 15:24:18.149,10.0.0.20,10.0.0.25,1,3.0,3,294,98.0,0.0,0.000255,normal
2026-05-17 15:24:19.154,10.0.0.5,10.0.0.25,1,3.0,3,294,98.0,0.0,0.000479,normal
2026-05-17 15:24:19.154,10.0.0.10,10.0.0.25,1,3.0,3,294,98.0,0.0,0.000437,normal
2026-05-17 15:24:19.154,10.0.0.11,10.0.0.17,0,2.9753,3,294,98.0,0.0,0.000485,normal
2026-05-17 15:24:19.154,10.0.0.15,10.0.0.25,1,3.0,3,294,98.0,0.0,0.003349,normal
2026-05-17 15:24:19.154,10.0.0.11,10.0.0.25,1,14.1,12,1176,98.0,0.0,0.090745,normal
2026-05-17 15:24:19.154,10.0.0.2,10.0.0.25,1,3.0,3,294,98.0,0.0,0.000134,normal
2026-05-17 15:24:19.154,10.0.0.20,10.0.0.25,1,3.0,3,294,98.0,0.0,0.000308,normal
2026-05-17 15:24:20.158,10.0.0.5,10.0.0.25,1,3.0,3,294,98.0,0.0,0.00049,normal
2026-05-17 15:24:20.158,10.0.0.10,10.0.0.25,1,3.0,3,294,98.0,0.0,0.001629,normal
2026-05-17 15:24:20.158,10.0.0.15,10.0.0.25,1,3.0,3,294,98.0,0.0,0.000231,normal
2026-05-17 15:24:20.158,10.0.0.2,10.0.0.25,1,3.0,3,294,98.0,0.0,0.00198,normal
2026-05-17 15:24:20.158,10.0.0.20,10.0.0.25,1,3.0,3,294,98.0,0.0,0.007219,normal
2026-05-17 15:24:21.160,10.0.0.5,10.0.0.25,1,3.0,3,294,98.0,0.0,0.000385,normal
2026-05-17 15:24:21.160,10.0.0.10,10.0.0.25,1,3.0,3,294,98.0,0.0,0.003467,normal
2026-05-17 15:24:21.160,10.0.0.15,10.0.0.25,1,3.0,3,294,98.0,0.0,0.001734,normal
2026-05-17 15:24:21.160,10.0.0.2,10.0.0.25,1,3.0,3,294,98.0,0.0,0.002326,normal
2026-05-17 15:24:21.160,10.0.0.20,10.0.0.25,1,3.0,3,294,98.0,0.0,0.001508,normal
2026-05-17 15:24:22.163,10.0.0.5,10.0.0.25,1,3.0,3,294,98.0,0.0,0.005577,normal
2026-05-17 15:24:22.163,10.0.0.10,10.0.0.25,1,3.0,3,294,98.0,0.0,0.003181,normal
2026-05-17 15:24:22.163,10.0.0.15,10.0.0.25,1,3.0,3,294,98.0,0.0,7.8e-05,normal
2026-05-17 15:24:22.163,10.0.0.2,10.0.0.25,1,3.0,3,294,98.0,0.0,0.002384,normal
2026-05-17 15:24:22.163,10.0.0.20,10.0.0.25,1,3.0,3,294,98.0,0.0,0.00288,normal
2026-05-17 15:24:23.173,10.0.0.5,10.0.0.25,1,3.0,3,294,98.0,0.0,0.001389,normal
2026-05-17 15:24:23.173,10.0.0.10,10.0.0.25,1,3.0,3,294,98.0,0.0,0.003044,normal
2026-05-17 15:24:23.173,10.0.0.15,10.0.0.25,1,3.0,3,294,98.0,0.0,0.002319,normal
2026-05-17 15:24:23.173,10.0.0.2,10.0.0.25,1,3.0,3,294,98.0,0.0,0.001987,normal
2026-05-17 15:24:23.173,10.0.0.20,10.0.0.25,1,3.0,3,294,98.0,0.0,0.003288,normal
2026-05-17 15:24:24.177,10.0.0.5,10.0.0.25,1,3.0,3,294,98.0,0.0,0.002228,normal
2026-05-17 15:24:24.177,10.0.0.10,10.0.0.25,1,3.0,3,294,98.0,0.0,0.000435,normal
2026-05-17 15:24:24.177,10.0.0.15,10.0.0.25,1,3.0,3,294,98.0,0.0,0.000529,normal
2026-05-17 15:24:24.177,10.0.0.2,10.0.0.25,1,3.0,3,294,98.0,0.0,0.000909,normal
2026-05-17 15:24:24.177,10.0.0.20,10.0.0.25,1,3.0,3,294,98.0,0.0,0.005207,normal
2026-05-17 15:24:25.179,10.0.0.5,10.0.0.25,1,3.0,3,294,98.0,0.0,0.000665,normal
2026-05-17 15:24:25.179,10.0.0.10,10.0.0.25,1,3.0,3,294,98.0,0.0,0.000269,normal
2026-05-17 15:24:25.179,10.0.0.15,10.0.0.25,1,3.0,3,294,98.0,0.0,0.001743,normal
2026-05-17 15:24:25.179,10.0.0.2,10.0.0.25,1,3.0,3,294,98.0,0.0,0.000785,normal
2026-05-17 15:24:25.179,10.0.0.20,10.0.0.25,1,3.0,3,294,98.0,0.0,0.003032,normal
2026-05-17 15:24:26.183,10.0.0.5,10.0.0.25,1,3.0,3,294,98.0,0.0,0.003802,normal
2026-05-17 15:24:26.183,10.0.0.10,10.0.0.25,1,3.0,3,294,98.0,0.0,0.000659,normal
2026-05-17 15:24:26.183,10.0.0.15,10.0.0.25,1,3.0,3,294,98.0,0.0,0.00272,normal
2026-05-17 15:24:26.183,10.0.0.2,10.0.0.25,1,3.0,3,294,98.0,0.0,0.00092,normal
2026-05-17 15:24:26.183,10.0.0.20,10.0.0.25,1,3.0,3,294,98.0,0.0,0.000148,normal
2026-05-17 15:24:27.187,10.0.0.5,10.0.0.25,1,3.0,3,294,98.0,0.0,0.000545,normal
2026-05-17 15:24:27.187,10.0.0.10,10.0.0.25,1,3.0,3,294,98.0,0.0,0.003016,normal
2026-05-17 15:24:27.187,10.0.0.15,10.0.0.25,1,3.0,3,294,98.0,0.0,0.000132,normal
2026-05-17 15:24:27.187,10.0.0.2,10.0.0.25,1,3.0,3,294,98.0,0.0,0.003847,normal
2026-05-17 15:24:27.187,10.0.0.20,10.0.0.25,1,3.0,3,294,98.0,0.0,0.001245,normal
2026-05-17 15:24:28.193,10.0.0.5,10.0.0.25,1,3.0,3,294,98.0,0.0,0.000357,normal
2026-05-17 15:24:28.193,10.0.0.10,10.0.0.25,1,3.0,3,294,98.0,0.0,0.003757,normal
2026-05-17 15:24:28.193,10.0.0.15,10.0.0.25,1,3.0,3,294,98.0,0.0,0.000147,normal
2026-05-17 15:24:28.193,10.0.0.2,10.0.0.25,1,3.0,3,294,98.0,0.0,0.00254,normal
2026-05-17 15:24:28.193,10.0.0.20,10.0.0.25,1,3.0,3,294,98.0,0.0,0.000118,normal
2026-05-17 15:24:29.195,10.0.0.5,10.0.0.25,1,3.0,3,294,98.0,0.0,0.001147,normal
2026-05-17 15:24:29.195,10.0.0.10,10.0.0.25,1,3.0,3,294,98.0,0.0,0.004603,normal
2026-05-17 15:24:29.195,10.0.0.15,10.0.0.25,1,3.0,3,294,98.0,0.0,0.000142,normal
2026-05-17 15:24:29.195,10.0.0.2,10.0.0.25,1,3.0,3,294,98.0,0.0,0.000867,normal
2026-05-17 15:24:29.195,10.0.0.20,10.0.0.25,1,3.0,3,294,98.0,0.0,0.004119,normal
2026-05-17 15:24:30.200,10.0.0.5,10.0.0.25,1,3.0,3,294,98.0,0.0,0.001174,normal
2026-05-17 15:24:30.200,10.0.0.10,10.0.0.25,1,3.0,3,294,98.0,0.0,0.000308,normal
2026-05-17 15:24:30.200,10.0.0.15,10.0.0.25,1,3.0,3,294,98.0,0.0,0.00408,normal
2026-05-17 15:24:30.200,10.0.0.2,10.0.0.25,1,3.0,3,294,98.0,0.0,0.001304,normal
2026-05-17 15:24:30.200,10.0.0.20,10.0.0.25,1,3.0,3,294,98.0,0.0,0.000223,normal
2026-05-17 15:24:31.204,10.0.0.5,10.0.0.25,1,3.0,3,294,98.0,0.0,0.000299,normal
2026-05-17 15:24:31.204,10.0.0.10,10.0.0.25,1,3.0,3,294,98.0,0.0,0.00045,normal
2026-05-17 15:24:31.204,10.0.0.15,10.0.0.25,1,3.0,3,294,98.0,0.0,0.00261,normal
2026-05-17 15:24:31.204,10.0.0.2,10.0.0.25,1,3.0,3,294,98.0,0.0,8.2e-05,normal
2026-05-17 15:24:31.204,10.0.0.20,10.0.0.25,1,3.0,3,294,98.0,0.0,0.003056,normal
2026-05-17 15:24:32.209,10.0.0.5,10.0.0.25,1,3.0,3,294,98.0,0.0,0.000425,normal
2026-05-17 15:24:32.209,10.0.0.10,10.0.0.25,1,3.0,3,294,98.0,0.0,0.003754,normal
2026-05-17 15:24:32.209,10.0.0.15,10.0.0.25,1,3.0,3,294,98.0,0.0,0.006301,normal
2026-05-17 15:24:32.209,10.0.0.2,10.0.0.25,1,3.0,3,294,98.0,0.0,0.000328,normal
2026-05-17 15:24:32.209,10.0.0.20,10.0.0.25,1,3.0,3,294,98.0,0.0,0.001734,normal
2026-05-17 15:24:33.211,10.0.0.5,10.0.0.25,1,3.0,3,294,98.0,0.0,0.00367,normal
2026-05-17 15:24:33.211,10.0.0.10,10.0.0.25,1,3.0,3,294,98.0,0.0,0.000754,normal
2026-05-17 15:24:33.211,10.0.0.15,10.0.0.25,1,3.0,3,294,98.0,0.0,0.001838,normal
2026-05-17 15:24:33.211,10.0.0.2,10.0.0.25,1,3.0,3,294,98.0,0.0,0.000246,normal
2026-05-17 15:24:33.211,10.0.0.20,10.0.0.25,1,3.0,3,294,98.0,0.0,0.000999,normal
2026-05-17 15:24:34.213,10.0.0.5,10.0.0.25,1,3.0,3,294,98.0,0.0,0.006623,normal
2026-05-17 15:24:34.213,10.0.0.10,10.0.0.25,1,3.0,3,294,98.0,0.0,0.001567,normal
2026-05-17 15:24:34.213,10.0.0.15,10.0.0.25,1,3.0,3,294,98.0,0.0,4.8e-05,normal
2026-05-17 15:24:34.213,10.0.0.2,10.0.0.25,1,3.0,3,294,98.0,0.0,0.000676,normal
2026-05-17 15:24:34.213,10.0.0.20,10.0.0.25,1,3.0,3,294,98.0,0.0,0.000123,normal
2026-05-17 15:24:35.216,10.0.0.5,10.0.0.25,1,3.0,3,294,98.0,0.0,0.000939,normal
2026-05-17 15:24:35.216,10.0.0.10,10.0.0.25,1,3.0,3,294,98.0,0.0,0.002562,normal
2026-05-17 15:24:35.216,10.0.0.15,10.0.0.25,1,3.0,3,294,98.0,0.0,0.001577,normal
2026-05-17 15:24:35.216,10.0.0.20,10.0.0.25,1,3.0,3,294,98.0,0.0,0.000313,normal
2026-05-17 15:24:36.219,10.0.0.5,10.0.0.25,1,3.0,3,294,98.0,0.0,0.001501,normal
2026-05-17 15:24:36.219,10.0.0.10,10.0.0.25,1,3.0,3,294,98.0,0.0,0.001085,normal
2026-05-17 15:24:36.219,10.0.0.15,10.0.0.25,1,3.0,3,294,98.0,0.0,0.003758,normal
2026-05-17 15:24:36.219,10.0.0.20,10.0.0.25,1,3.0,3,294,98.0,0.0,0.002564,normal
2026-05-17 15:24:37.224,10.0.0.5,10.0.0.25,1,3.0,3,294,98.0,0.0,0.000433,normal
2026-05-17 15:24:37.224,10.0.0.10,10.0.0.25,1,3.0,3,294,98.0,0.0,0.000846,normal
2026-05-17 15:24:37.224,10.0.0.15,10.0.0.25,1,3.0,3,294,98.0,0.0,0.000145,normal
2026-05-17 15:24:37.224,10.0.0.20,10.0.0.25,1,3.0,3,294,98.0,0.0,0.000844,normal
2026-05-17 15:24:38.227,10.0.0.5,10.0.0.25,1,3.0,3,294,98.0,0.0,0.001311,normal
2026-05-17 15:24:38.227,10.0.0.10,10.0.0.25,1,3.0,3,294,98.0,0.0,0.0038,normal
2026-05-17 15:24:38.227,10.0.0.15,10.0.0.25,1,3.0,3,294,98.0,0.0,0.000399,normal
2026-05-17 15:24:38.227,10.0.0.20,10.0.0.25,1,3.0,3,294,98.0,0.0,0.000645,normal
2026-05-17 15:24:39.230,10.0.0.5,10.0.0.25,1,3.0,3,294,98.0,0.0,0.002214,normal
2026-05-17 15:24:39.230,10.0.0.10,10.0.0.25,1,3.0,3,294,98.0,0.0,0.001716,normal
2026-05-17 15:24:39.230,10.0.0.15,10.0.0.25,1,3.0,3,294,98.0,0.0,0.002249,normal
2026-05-17 15:24:39.230,10.0.0.20,10.0.0.25,1,3.0,3,294,98.0,0.0,0.001517,normal
2026-05-17 15:24:40.234,10.0.0.5,10.0.0.25,1,3.0,3,294,98.0,0.0,0.00182,normal
2026-05-17 15:24:40.234,10.0.0.10,10.0.0.25,1,3.0,3,294,98.0,0.0,0.004294,normal
2026-05-17 15:24:40.234,10.0.0.15,10.0.0.25,1,3.0,3,294,98.0,0.0,0.000272,normal
2026-05-17 15:24:40.234,10.0.0.20,10.0.0.25,1,3.0,3,294,98.0,0.0,0.003211,normal
2026-05-17 15:24:41.238,10.0.0.5,10.0.0.25,1,3.0,3,294,98.0,0.0,5.1e-05,normal
2026-05-17 15:24:41.238,10.0.0.10,10.0.0.25,1,3.0,3,294,98.0,0.0,0.006045,normal
2026-05-17 15:24:41.238,10.0.0.15,10.0.0.25,1,3.0,3,294,98.0,0.0,0.000808,normal
2026-05-17 15:24:41.238,10.0.0.20,10.0.0.25,1,3.0,3,294,98.0,0.0,0.001015,normal
2026-05-17 15:24:42.246,10.0.0.10,10.0.0.25,1,3.0,3,294,98.0,0.0,0.000177,normal
2026-05-17 15:24:42.246,10.0.0.15,10.0.0.25,1,3.0,3,294,98.0,0.0,0.000314,normal
2026-05-17 15:24:42.246,10.0.0.20,10.0.0.25,1,3.0,3,294,98.0,0.0,0.000636,normal
2026-05-17 15:24:43.248,10.0.0.10,10.0.0.25,1,3.0,3,294,98.0,0.0,0.00166,normal
2026-05-17 15:24:43.248,10.0.0.15,10.0.0.25,1,3.0,3,294,98.0,0.0,0.0001,normal
2026-05-17 15:24:43.248,10.0.0.20,10.0.0.25,1,3.0,3,294,98.0,0.0,0.003035,normal
2026-05-17 15:24:44.250,10.0.0.10,10.0.0.25,1,3.0,3,294,98.0,0.0,0.001314,normal
2026-05-17 15:24:44.250,10.0.0.15,10.0.0.25,1,3.0,3,294,98.0,0.0,0.001865,normal
2026-05-17 15:24:44.250,10.0.0.20,10.0.0.25,1,3.0,3,294,98.0,0.0,0.001669,normal
2026-05-17 15:24:45.251,10.0.0.10,10.0.0.25,1,3.0,3,294,98.0,0.0,0.000478,normal
2026-05-17 15:24:45.251,10.0.0.15,10.0.0.25,1,3.0,3,294,98.0,0.0,0.002031,normal
2026-05-17 15:24:45.251,10.0.0.20,10.0.0.25,1,3.0,3,294,98.0,0.0,0.000851,normal
2026-05-17 15:24:46.253,10.0.0.10,10.0.0.25,1,3.0,3,294,98.0,0.0,0.000418,normal
2026-05-17 15:24:46.253,10.0.0.15,10.0.0.25,1,3.0,3,294,98.0,0.0,0.002729,normal
2026-05-17 15:24:46.253,10.0.0.20,10.0.0.25,1,3.0,3,294,98.0,0.0,0.001272,normal
2026-05-17 15:24:47.257,10.0.0.10,10.0.0.25,1,3.0,3,294,98.0,0.0,0.002777,normal
2026-05-17 15:24:47.257,10.0.0.15,10.0.0.25,1,3.0,3,294,98.0,0.0,0.000385,normal
2026-05-17 15:24:47.257,10.0.0.20,10.0.0.25,1,3.0,3,294,98.0,0.0,0.001907,normal
2026-05-17 15:24:48.259,10.0.0.10,10.0.0.25,1,3.0,3,294,98.0,0.0,0.000162,normal
2026-05-17 15:24:48.259,10.0.0.15,10.0.0.25,1,3.0,3,294,98.0,0.0,0.001248,normal
2026-05-17 15:24:48.259,10.0.0.20,10.0.0.25,1,3.0,3,294,98.0,0.0,0.002816,normal
2026-05-17 15:24:49.263,10.0.0.10,10.0.0.25,1,3.0,3,294,98.0,0.0,0.002079,normal
2026-05-17 15:24:49.263,10.0.0.15,10.0.0.25,1,3.0,3,294,98.0,0.0,0.000332,normal
2026-05-17 15:24:49.263,10.0.0.20,10.0.0.25,1,3.0,3,294,98.0,0.0,0.000435,normal
2026-05-17 15:24:50.266,10.0.0.10,10.0.0.25,1,3.0,3,294,98.0,0.0,0.001454,normal
2026-05-17 15:24:50.266,10.0.0.15,10.0.0.25,1,3.0,3,294,98.0,0.0,0.001721,normal
2026-05-17 15:24:50.266,10.0.0.20,10.0.0.25,1,3.0,3,294,98.0,0.0,0.005618,normal
2026-05-17 15:24:51.271,10.0.0.10,10.0.0.25,1,3.0,3,294,98.0,0.0,0.000682,normal
2026-05-17 15:24:51.271,10.0.0.15,10.0.0.25,1,3.0,3,294,98.0,0.0,0.003692,normal
2026-05-17 15:24:51.271,10.0.0.20,10.0.0.25,1,3.0,3,294,98.0,0.0,0.001877,normal
2026-05-17 15:24:52.275,10.0.0.10,10.0.0.25,1,3.0,3,294,98.0,0.0,0.001347,normal
2026-05-17 15:24:52.275,10.0.0.15,10.0.0.25,1,3.0,3,294,98.0,0.0,0.016739,normal
2026-05-17 15:24:52.275,10.0.0.20,10.0.0.25,1,3.0,3,294,98.0,0.0,4.5e-05,normal
2026-05-17 15:24:53.278,10.0.0.10,10.0.0.25,1,3.0,3,294,98.0,0.0,0.001212,normal
2026-05-17 15:24:53.278,10.0.0.15,10.0.0.25,1,3.0,3,294,98.0,0.0,0.000601,normal
2026-05-17 15:24:53.278,10.0.0.20,10.0.0.25,1,3.0,3,294,98.0,0.0,0.000213,normal
2026-05-17 15:24:54.281,10.0.0.10,10.0.0.25,1,3.0,3,294,98.0,0.0,0.0021,normal
2026-05-17 15:24:54.281,10.0.0.15,10.0.0.25,1,3.0,3,294,98.0,0.0,0.000326,normal
2026-05-17 15:24:54.281,10.0.0.20,10.0.0.25,1,3.0,3,294,98.0,0.0,0.002059,normal
2026-05-17 15:24:55.286,10.0.0.10,10.0.0.25,1,3.0,3,294,98.0,0.0,0.00044,normal
2026-05-17 15:24:55.286,10.0.0.15,10.0.0.25,1,3.0,3,294,98.0,0.0,0.000811,normal
2026-05-17 15:24:55.286,10.0.0.20,10.0.0.25,1,3.0,3,294,98.0,0.0,0.000261,normal
2026-05-17 15:24:56.288,10.0.0.15,10.0.0.25,1,3.0,3,294,98.0,0.0,0.002813,normal
2026-05-17 15:24:56.288,10.0.0.20,10.0.0.25,1,3.0,3,294,98.0,0.0,0.00148,normal
2026-05-17 15:24:57.293,10.0.0.15,10.0.0.25,1,3.0,3,294,98.0,0.0,0.00091,normal
2026-05-17 15:24:57.293,10.0.0.20,10.0.0.25,1,3.0,3,294,98.0,0.0,0.002129,normal
2026-05-17 15:24:58.296,10.0.0.15,10.0.0.25,1,3.0,3,294,98.0,0.0,0.002362,normal
2026-05-17 15:24:58.296,10.0.0.20,10.0.0.25,1,3.0,3,294,98.0,0.0,0.000605,normal
2026-05-17 15:24:59.304,10.0.0.15,10.0.0.25,1,3.0,3,294,98.0,0.0,0.002791,normal
2026-05-17 15:24:59.304,10.0.0.20,10.0.0.25,1,3.0,3,294,98.0,0.0,0.00604,normal
2026-05-17 15:25:00.306,10.0.0.15,10.0.0.25,1,3.0,3,294,98.0,0.0,0.009191,normal
2026-05-17 15:25:00.306,10.0.0.20,10.0.0.25,1,3.0,3,294,98.0,0.0,0.002372,normal
2026-05-17 15:25:01.309,10.0.0.20,10.0.0.25,1,3.0,3,294,98.0,0.0,1.2e-05,normal
2026-05-17 15:25:02.312,10.0.0.20,10.0.0.25,1,3.0,3,294,98.0,0.0,0.000539,normal
2026-05-17 15:25:03.314,10.0.0.20,10.0.0.25,1,3.0,3,294,98.0,0.0,1.1e-05,normal
2026-05-17 15:25:04.317,10.0.0.20,10.0.0.25,1,3.0,3,294,98.0,0.0,0.000823,normal
2026-05-17 15:25:05.319,10.0.0.20,10.0.0.25,1,3.0,3,294,98.0,0.0,0.001073,normal
2026-05-17 15:25:06.321,10.0.0.20,10.0.0.25,1,3.0,3,294,98.0,0.0,0.001551,normal
2026-05-17 15:25:07.326,10.0.0.20,10.0.0.25,1,3.0,3,294,98.0,0.0,0.001035,normal
2026-05-17 15:25:08.328,10.0.0.20,10.0.0.25,1,3.0,3,294,98.0,0.0,6.1e-05,normal
2026-05-17 15:25:09.329,10.0.0.20,10.0.0.25,1,3.0,3,294,98.0,0.0,0.000432,normal
2026-05-17 15:25:10.331,10.0.0.20,10.0.0.25,1,3.0,3,294,98.0,0.0,0.004095,normal
2026-05-17 15:25:11.334,10.0.0.20,10.0.0.25,1,3.0,3,294,98.0,0.0,0.000199,normal
2026-05-17 15:25:12.336,10.0.0.20,10.0.0.25,1,3.0,3,294,98.0,0.0,0.001011,normal
2026-05-17 15:25:13.341,10.0.0.20,10.0.0.25,1,3.0,3,294,98.0,0.0,0.000272,normal
2026-05-17 15:25:14.345,10.0.0.20,10.0.0.25,1,3.0,3,294,98.0,0.0,0.000365,normal
2026-05-17 15:25:15.348,10.0.0.20,10.0.0.25,1,3.0,3,294,98.0,0.0,0.002208,normal
2026-05-17 15:25:16.351,10.0.0.20,10.0.0.25,1,3.0,3,294,98.0,0.0,0.002636,normal
2026-05-17 15:25:17.353,10.0.0.20,10.0.0.25,1,3.0,3,294,98.0,0.0,0.00017,normal
2026-05-17 15:25:18.357,10.0.0.20,10.0.0.25,1,3.0,3,294,98.0,0.0,0.000725,normal
2026-05-17 15:25:19.361,10.0.0.20,10.0.0.25,1,3.0,3,294,98.0,0.0,0.000307,normal
2026-05-17 15:25:20.363,10.0.0.20,10.0.0.25,1,3.0,3,294,98.0,0.0,0.000822,normal
2026-05-17 15:25:21.365,10.0.0.20,10.0.0.25,1,3.0,3,294,98.0,0.0,0.00247,normal
2026-05-17 15:25:22.367,10.0.0.20,10.0.0.25,1,3.0,3,294,98.0,0.0,0.001184,normal
2026-05-17 15:25:23.370,10.0.0.20,10.0.0.25,1,3.0,3,294,98.0,0.0,0.001902,normal
2026-05-17 15:25:24.371,10.0.0.20,10.0.0.25,1,3.0,3,294,98.0,0.0,0.000644,normal
2026-05-17 15:25:25.378,10.0.0.20,10.0.0.25,1,3.0,3,294,98.0,0.0,0.001939,normal
2026-05-17 15:25:26.380,10.0.0.20,10.0.0.25,1,3.0,3,294,98.0,0.0,0.002497,normal
2026-05-17 15:25:27.382,10.0.0.20,10.0.0.25,1,3.0,3,294,98.0,0.0,0.00205,normal
2026-05-17 15:25:28.385,10.0.0.20,10.0.0.25,1,3.0,3,294,98.0,0.0,0.000663,normal
2026-05-17 15:25:29.386,10.0.0.20,10.0.0.25,1,3.0,3,294,98.0,0.0,0.000171,normal
2026-05-17 15:25:30.388,10.0.0.20,10.0.0.25,1,3.0,3,294,98.0,0.0,0.000438,normal
2026-05-17 15:25:31.390,10.0.0.20,10.0.0.25,1,3.0,3,294,98.0,0.0,0.002546,normal
2026-05-17 15:25:32.396,10.0.0.20,10.0.0.25,1,3.0,3,294,98.0,0.0,0.001944,normal
2026-05-17 15:25:33.398,10.0.0.20,10.0.0.25,1,3.0,3,294,98.0,0.0,0.003197,normal
2026-05-17 15:25:34.401,10.0.0.20,10.0.0.25,1,3.0,3,294,98.0,0.0,0.000508,normal
2026-05-17 15:25:35.405,10.0.0.20,10.0.0.25,1,3.0,3,294,98.0,0.0,0.002018,normal
2026-05-17 15:25:36.409,10.0.0.20,10.0.0.25,1,3.0,3,294,98.0,0.0,0.003995,normal
2026-05-17 15:25:37.416,10.0.0.20,10.0.0.25,1,3.0,3,294,98.0,0.0,0.001502,normal
2026-05-17 15:25:38.421,10.0.0.20,10.0.0.25,1,3.0,3,294,98.0,0.0,0.003371,normal
2026-05-17 15:25:39.428,10.0.0.20,10.0.0.25,1,3.0,3,294,98.0,0.0,0.000553,normal
2026-05-17 15:25:40.430,10.0.0.20,10.0.0.25,1,3.0,3,294,98.0,0.0,0.007248,normal
2026-05-17 15:25:41.432,10.0.0.20,10.0.0.25,1,3.0,3,294,98.0,0.0,0.000399,normal
2026-05-17 15:25:42.435,10.0.0.20,10.0.0.25,1,3.0,3,294,98.0,0.0,0.001095,normal
2026-05-17 15:25:43.440,10.0.0.20,10.0.0.25,1,3.0,3,294,98.0,0.0,0.002488,normal
2026-05-17 15:25:44.445,10.0.0.20,10.0.0.25,1,3.0,3,294,98.0,0.0,0.000628,normal
2026-05-17 15:25:45.446,10.0.0.20,10.0.0.25,1,3.0,3,294,98.0,0.0,0.000736,normal
2026-05-17 15:25:46.448,10.0.0.20,10.0.0.25,1,3.0,3,294,98.0,0.0,0.000188,normal
2026-05-17 15:25:47.450,10.0.0.20,10.0.0.25,1,3.0,3,294,98.0,0.0,0.002135,normal
2026-05-17 15:25:48.453,10.0.0.20,10.0.0.25,1,3.0,3,294,98.0,0.0,0.002169,normal
2026-05-17 15:25:49.456,10.0.0.20,10.0.0.25,1,3.0,3,294,98.0,0.0,6e-06,normal
2026-05-17 15:25:50.458,10.0.0.20,10.0.0.25,1,3.0,3,294,98.0,0.0,0.001377,normal
2026-05-17 15:25:51.460,10.0.0.20,10.0.0.25,1,3.0,3,294,98.0,0.0,0.003375,normal
2026-05-17 15:25:52.462,10.0.0.20,10.0.0.25,1,3.0,3,294,98.0,0.0,0.000347,normal
2026-05-17 15:25:53.465,10.0.0.20,10.0.0.25,1,3.0,3,294,98.0,0.0,0.002027,normal
2026-05-17 15:25:54.468,10.0.0.20,10.0.0.25,1,3.0,3,294,98.0,0.0,0.000697,normal
2026-05-17 15:25:55.476,10.0.0.20,10.0.0.25,1,3.0,3,294,98.0,0.0,0.000813,normal
2026-05-17 15:25:56.478,10.0.0.20,10.0.0.25,1,3.0,3,294,98.0,0.0,0.000204,normal
2026-05-17 15:25:57.480,10.0.0.20,10.0.0.25,1,3.0,3,294,98.0,0.0,0.001053,normal
2026-05-17 15:25:58.482,10.0.0.20,10.0.0.25,1,3.0,3,294,98.0,0.0,2e-06,normal
2026-05-17 15:25:59.484,10.0.0.20,10.0.0.25,1,3.0,3,294,98.0,0.0,0.001178,normal
2026-05-17 15:26:00.487,10.0.0.20,10.0.0.25,1,3.0,3,294,98.0,0.0,0.002799,normal
2026-05-17 15:26:01.489,10.0.0.20,10.0.0.25,1,3.0,3,294,98.0,0.0,0.000228,normal
2026-05-17 15:26:02.492,10.0.0.20,10.0.0.25,1,3.0,3,294,98.0,0.0,0.006095,normal
2026-05-17 15:26:03.494,10.0.0.20,10.0.0.25,1,3.0,3,294,98.0,0.0,0.000153,normal
2026-05-17 15:26:04.498,10.0.0.20,10.0.0.25,1,3.0,3,294,98.0,0.0,0.001856,normal
2026-05-17 15:26:05.502,10.0.0.20,10.0.0.25,1,3.0,3,294,98.0,0.0,0.00127,normal
2026-05-17 15:26:06.504,10.0.0.20,10.0.0.25,1,3.0,3,294,98.0,0.0,0.004141,normal
2026-05-17 15:26:07.506,10.0.0.20,10.0.0.25,1,3.0,3,294,98.0,0.0,0.000922,normal
2026-05-17 15:26:08.510,10.0.0.20,10.0.0.25,1,3.0,3,294,98.0,0.0,0.000752,normal
2026-05-17 15:26:09.512,10.0.0.20,10.0.0.25,1,3.0,3,294,98.0,0.0,0.00026,normal
2026-05-17 15:26:10.514,10.0.0.20,10.0.0.25,1,3.0,3,294,98.0,0.0,0.003182,normal
2026-05-17 15:26:11.518,10.0.0.20,10.0.0.25,1,3.0,3,294,98.0,0.0,0.002498,normal
2026-05-17 15:26:12.520,10.0.0.20,10.0.0.25,1,3.0,3,294,98.0,0.0,0.002875,normal
2026-05-17 15:26:13.524,10.0.0.20,10.0.0.25,1,3.0,3,294,98.0,0.0,0.005232,normal
2026-05-17 15:26:14.526,10.0.0.20,10.0.0.25,1,3.0,3,294,98.0,0.0,0.000854,normal
2026-05-17 15:26:15.528,10.0.0.20,10.0.0.25,1,3.0,3,294,98.0,0.0,8.1e-05,normal
2026-05-17 15:26:16.529,10.0.0.20,10.0.0.25,1,3.0,3,294,98.0,0.0,3e-05,normal
2026-05-17 15:26:17.533,10.0.0.20,10.0.0.25,1,3.0,3,294,98.0,0.0,0.003271,normal
2026-05-17 15:26:18.538,10.0.0.20,10.0.0.25,1,3.0,3,294,98.0,0.0,0.000129,normal
2026-05-17 15:26:19.543,10.0.0.20,10.0.0.25,1,3.0,3,294,98.0,0.0,0.001678,normal
2026-05-17 15:26:20.547,10.0.0.20,10.0.0.25,1,3.0,3,294,98.0,0.0,0.000184,normal
2026-05-17 15:26:21.549,10.0.0.20,10.0.0.25,1,3.0,3,294,98.0,0.0,0.001391,normal
2026-05-17 15:26:22.551,10.0.0.20,10.0.0.25,1,3.0,3,294,98.0,0.0,0.003788,normal
2026-05-17 15:26:23.554,10.0.0.20,10.0.0.25,1,3.0,3,294,98.0,0.0,0.000403,normal
2026-05-17 15:26:24.558,10.0.0.20,10.0.0.25,1,3.0,3,294,98.0,0.0,0.003307,normal
2026-05-17 15:26:25.561,10.0.0.20,10.0.0.25,1,3.0,3,294,98.0,0.0,0.001149,normal
2026-05-17 15:26:26.564,10.0.0.20,10.0.0.25,1,3.0,3,294,98.0,0.0,0.004531,normal
2026-05-17 15:26:27.567,10.0.0.20,10.0.0.25,1,3.0,3,294,98.0,0.0,0.003667,normal
2026-05-17 15:26:28.571,10.0.0.20,10.0.0.25,1,3.0,3,294,98.0,0.0,0.002791,normal
2026-05-17 15:26:29.573,10.0.0.20,10.0.0.25,1,3.0,3,294,98.0,0.0,0.002495,normal
2026-05-17 15:26:30.577,10.0.0.20,10.0.0.25,1,3.0,3,294,98.0,0.0,0.001299,normal
2026-05-17 15:26:31.581,10.0.0.20,10.0.0.25,1,3.0,3,294,98.0,0.0,0.0038,normal
2026-05-17 15:26:32.584,10.0.0.20,10.0.0.25,1,3.0,3,294,98.0,0.0,0.00402,normal
2026-05-17 15:26:33.587,10.0.0.20,10.0.0.25,1,3.0,3,294,98.0,0.0,0.001167,normal
2026-05-17 15:26:34.589,10.0.0.20,10.0.0.25,1,3.0,3,294,98.0,0.0,0.00084,normal
2026-05-17 15:26:35.593,10.0.0.20,10.0.0.25,1,3.0,3,294,98.0,0.0,0.003112,normal
2026-05-17 15:26:36.596,10.0.0.20,10.0.0.25,1,3.0,3,294,98.0,0.0,0.004758,normal
2026-05-17 15:26:37.603,10.0.0.20,10.0.0.25,1,3.0,3,294,98.0,0.0,0.002159,normal
2026-05-17 15:26:38.605,10.0.0.20,10.0.0.25,1,3.0,3,294,98.0,0.0,0.000356,normal
2026-05-17 15:26:39.611,10.0.0.20,10.0.0.25,1,3.0,3,294,98.0,0.0,0.00328,normal
2026-05-17 15:26:40.614,10.0.0.20,10.0.0.25,1,3.0,3,294,98.0,0.0,0.002069,normal
2026-05-17 15:26:41.620,10.0.0.20,10.0.0.25,1,3.0,3,294,98.0,0.0,0.000797,normal
2026-05-17 15:26:42.623,10.0.0.20,10.0.0.25,1,3.0,3,294,98.0,0.0,0.000333,normal
2026-05-17 15:26:43.630,10.0.0.20,10.0.0.25,1,3.0,3,294,98.0,0.0,5.1e-05,normal
2026-05-17 15:26:44.636,10.0.0.20,10.0.0.25,1,3.0,3,294,98.0,0.0,0.000822,normal
2026-05-17 15:26:45.639,10.0.0.20,10.0.0.25,1,3.0,3,294,98.0,0.0,0.000187,normal
2026-05-17 15:26:46.644,10.0.0.20,10.0.0.25,1,3.0,3,294,98.0,0.0,0.003503,normal
2026-05-17 15:26:47.660,10.0.0.20,10.0.0.25,1,3.0,3,294,98.0,0.0,0.002061,normal
2026-05-17 15:26:48.666,10.0.0.20,10.0.0.25,1,3.0,3,294,98.0,0.0,0.005089,normal
2026-05-17 15:26:49.670,10.0.0.20,10.0.0.25,1,3.0,3,294,98.0,0.0,0.000789,normal
2026-05-17 15:26:50.674,10.0.0.20,10.0.0.25,1,3.0,3,294,98.0,0.0,0.000745,normal
2026-05-17 15:26:51.676,10.0.0.20,10.0.0.25,1,3.0,3,294,98.0,0.0,0.00165,normal
2026-05-17 15:26:52.680,10.0.0.20,10.0.0.25,1,3.0,3,294,98.0,0.0,0.004979,normal
2026-05-17 15:26:53.684,10.0.0.20,10.0.0.25,1,3.0,3,294,98.0,0.0,0.000789,normal
2026-05-17 15:26:54.688,10.0.0.20,10.0.0.25,1,3.0,3,294,98.0,0.0,0.001267,normal
2026-05-17 15:26:55.690,10.0.0.20,10.0.0.25,1,3.0,3,294,98.0,0.0,0.00029,normal
2026-05-17 15:26:56.693,10.0.0.20,10.0.0.25,1,3.0,3,294,98.0,0.0,0.004475,normal
2026-05-17 15:26:57.695,10.0.0.20,10.0.0.25,1,3.0,3,294,98.0,0.0,0.000345,normal
2026-05-17 15:26:58.698,10.0.0.20,10.0.0.25,1,3.0,3,294,98.0,0.0,0.000477,normal
2026-05-17 15:26:59.704,10.0.0.20,10.0.0.25,1,3.0,3,294,98.0,0.0,0.004462,normal
2026-05-17 15:27:00.707,10.0.0.20,10.0.0.25,1,3.0,3,294,98.0,0.0,0.002145,normal
2026-05-17 15:27:01.709,10.0.0.20,10.0.0.25,1,3.0,3,294,98.0,0.0,0.0001,normal
2026-05-17 15:27:02.711,10.0.0.20,10.0.0.25,1,3.0,3,294,98.0,0.0,0.004161,normal
2026-05-17 15:27:03.714,10.0.0.20,10.0.0.25,1,3.0,3,294,98.0,0.0,0.000242,normal
2026-05-17 15:27:04.718,10.0.0.20,10.0.0.25,1,3.0,3,294,98.0,0.0,5e-06,normal
2026-05-17 15:27:05.720,10.0.0.20,10.0.0.25,1,3.0,3,294,98.0,0.0,0.000106,normal
2026-05-17 15:27:06.722,10.0.0.20,10.0.0.25,1,3.0,3,294,98.0,0.0,0.000269,normal
2026-05-17 15:27:07.734,10.0.0.20,10.0.0.25,1,3.0,3,294,98.0,0.0,0.005073,normal
2026-05-17 15:27:08.738,10.0.0.20,10.0.0.25,1,3.0,3,294,98.0,0.0,0.003301,normal
2026-05-17 15:27:09.740,10.0.0.20,10.0.0.25,1,3.0,3,294,98.0,0.0,0.001313,normal
2026-05-17 15:27:10.743,10.0.0.20,10.0.0.25,1,3.0,3,294,98.0,0.0,0.000745,normal
2026-05-17 15:27:11.748,10.0.0.20,10.0.0.25,1,3.0,3,294,98.0,0.0,0.000516,normal
2026-05-17 15:27:12.751,10.0.0.20,10.0.0.25,1,3.0,3,294,98.0,0.0,0.000193,normal
2026-05-17 15:27:13.757,10.0.0.20,10.0.0.25,1,3.0,3,294,98.0,0.0,0.002048,normal
2026-05-17 15:27:14.762,10.0.0.20,10.0.0.25,1,3.0,3,294,98.0,0.0,0.00315,normal
2026-05-17 15:27:15.769,10.0.0.20,10.0.0.25,1,3.0,3,294,98.0,0.0,0.004815,normal
2026-05-17 15:27:16.774,10.0.0.20,10.0.0.25,1,3.0,3,294,98.0,0.0,0.000706,normal
2026-05-17 15:27:17.776,10.0.0.20,10.0.0.25,1,3.0,3,294,98.0,0.0,0.003753,normal
2026-05-17 15:27:18.781,10.0.0.20,10.0.0.25,1,3.0,3,294,98.0,0.0,0.002816,normal
2026-05-17 15:27:19.786,10.0.0.20,10.0.0.25,1,3.0,3,294,98.0,0.0,0.002115,normal
2026-05-17 15:27:20.790,10.0.0.20,10.0.0.25,1,3.0,3,294,98.0,0.0,0.000748,normal
2026-05-17 15:27:21.792,10.0.0.20,10.0.0.25,1,3.0,3,294,98.0,0.0,0.003741,normal
2026-05-17 15:27:22.795,10.0.0.20,10.0.0.25,1,3.0,3,294,98.0,0.0,0.000645,normal
2026-05-17 15:27:23.798,10.0.0.20,10.0.0.25,1,3.0,3,294,98.0,0.0,0.002007,normal
2026-05-17 15:27:24.800,10.0.0.20,10.0.0.25,1,3.0,3,294,98.0,0.0,0.005113,normal
2026-05-17 15:27:25.803,10.0.0.20,10.0.0.25,1,3.0,3,294,98.0,0.0,0.002859,normal
2026-05-17 15:27:26.806,10.0.0.20,10.0.0.25,1,3.0,3,294,98.0,0.0,0.000431,normal
2026-05-17 15:27:27.815,10.0.0.20,10.0.0.25,1,3.0,3,294,98.0,0.0,0.003399,normal
2026-05-17 15:27:28.818,10.0.0.20,10.0.0.25,1,3.0,3,294,98.0,0.0,0.001831,normal
2026-05-17 15:27:29.821,10.0.0.20,10.0.0.25,1,3.0,3,294,98.0,0.0,0.000551,normal
2026-05-17 15:27:30.827,10.0.0.20,10.0.0.25,1,3.0,3,294,98.0,0.0,0.003861,normal
2026-05-17 15:27:31.838,10.0.0.20,10.0.0.25,1,3.0,3,294,98.0,0.0,0.002732,normal
2026-05-17 15:27:32.841,10.0.0.20,10.0.0.25,1,3.0,3,294,98.0,0.0,0.011438,normal
2026-05-17 15:27:33.844,10.0.0.20,10.0.0.25,1,3.0,3,294,98.0,0.0,0.001998,normal
2026-05-17 15:27:34.852,10.0.0.20,10.0.0.25,1,3.0,3,294,98.0,0.0,0.005634,normal
2026-05-17 15:27:35.856,10.0.0.20,10.0.0.25,1,3.0,3,294,98.0,0.0,0.002063,normal
2026-05-17 15:27:36.860,10.0.0.20,10.0.0.25,1,3.0,3,294,98.0,0.0,0.000531,normal
2026-05-17 15:27:37.865,10.0.0.20,10.0.0.25,1,3.0,3,294,98.0,0.0,0.007391,normal
2026-05-17 15:27:38.868,10.0.0.20,10.0.0.25,1,3.0,3,294,98.0,0.0,0.0002,normal
2026-05-17 15:27:39.871,10.0.0.20,10.0.0.25,1,3.0,3,294,98.0,0.0,0.00258,normal
2026-05-17 15:27:40.874,10.0.0.20,10.0.0.25,1,3.0,3,294,98.0,0.0,0.003573,normal
2026-05-17 15:27:41.877,10.0.0.20,10.0.0.25,1,3.0,3,294,98.0,0.0,0.000741,normal
2026-05-17 15:27:42.880,10.0.0.20,10.0.0.25,1,3.0,3,294,98.0,0.0,0.007078,normal
2026-05-17 15:27:43.883,10.0.0.20,10.0.0.25,1,3.0,3,294,98.0,0.0,0.000183,normal
2026-05-17 15:27:44.886,10.0.0.20,10.0.0.25,1,3.0,3,294,98.0,0.0,0.004531,normal
2026-05-17 15:27:45.890,10.0.0.20,10.0.0.25,1,3.0,3,294,98.0,0.0,0.004241,normal
2026-05-17 15:27:46.897,10.0.0.20,10.0.0.25,1,3.0,3,294,98.0,0.0,8.6e-05,normal
2026-05-17 15:27:47.907,10.0.0.20,10.0.0.25,1,3.0,3,294,98.0,0.0,0.000556,normal
2026-05-17 15:27:48.911,10.0.0.20,10.0.0.25,1,3.0,3,294,98.0,0.0,0.004097,normal
2026-05-17 15:27:49.916,10.0.0.20,10.0.0.25,1,3.0,3,294,98.0,0.0,0.001218,normal
2026-05-17 15:27:50.918,10.0.0.20,10.0.0.25,1,3.0,3,294,98.0,0.0,0.004981,normal
2026-05-17 15:27:51.922,10.0.0.20,10.0.0.25,1,3.0,3,294,98.0,0.0,0.010588,normal
2026-05-17 15:27:52.926,10.0.0.20,10.0.0.25,1,3.0,3,294,98.0,0.0,0.001843,normal
2026-05-17 15:27:53.929,10.0.0.20,10.0.0.25,1,3.0,3,294,98.0,0.0,0.000962,normal
2026-05-17 15:27:54.936,10.0.0.20,10.0.0.25,1,3.0,3,294,98.0,0.0,0.002027,normal
2026-05-17 15:27:55.940,10.0.0.20,10.0.0.25,1,3.0,3,294,98.0,0.0,0.001617,normal
2026-05-17 15:27:56.944,10.0.0.20,10.0.0.25,1,3.0,3,294,98.0,0.0,0.002225,normal
2026-05-17 15:27:57.951,10.0.0.20,10.0.0.25,1,3.0,3,294,98.0,0.0,0.001952,normal
2026-05-17 15:27:58.953,10.0.0.20,10.0.0.25,1,3.0,3,294,98.0,0.0,0.000357,normal
2026-05-17 15:27:59.957,10.0.0.20,10.0.0.25,1,3.0,3,294,98.0,0.0,0.004177,normal
2026-05-17 15:28:00.962,10.0.0.20,10.0.0.25,1,3.0,3,294,98.0,0.0,0.006425,normal
2026-05-17 15:28:01.966,10.0.0.20,10.0.0.25,1,3.0,3,294,98.0,0.0,0.000531,normal
2026-05-17 15:28:02.969,10.0.0.20,10.0.0.25,1,3.0,3,294,98.0,0.0,0.000697,normal
2026-05-17 15:28:03.973,10.0.0.20,10.0.0.25,1,3.0,3,294,98.0,0.0,0.000924,normal
2026-05-17 15:28:04.980,10.0.0.20,10.0.0.25,1,3.0,3,294,98.0,0.0,0.00704,normal
2026-05-17 15:28:05.988,10.0.0.20,10.0.0.25,1,3.0,3,294,98.0,0.0,0.010844,normal
2026-05-17 15:28:06.993,10.0.0.20,10.0.0.25,1,3.0,3,294,98.0,0.0,0.010398,normal
2026-05-17 15:28:07.996,10.0.0.20,10.0.0.25,1,3.0,3,294,98.0,0.0,0.002334,normal
2026-05-17 15:28:09.000,10.0.0.20,10.0.0.25,1,3.0,3,294,98.0,0.0,0.004928,normal
2026-05-17 15:28:10.003,10.0.0.20,10.0.0.25,1,3.0,3,294,98.0,0.0,0.000609,normal
2026-05-17 15:28:11.007,10.0.0.20,10.0.0.25,1,3.0,3,294,98.0,0.0,0.00717,normal
2026-05-17 15:28:12.012,10.0.0.20,10.0.0.25,1,3.0,3,294,98.0,0.0,0.000427,normal
2026-05-17 15:28:13.015,10.0.0.20,10.0.0.25,1,3.3,4,392,98.0,0.0,0.567124,normal
2026-05-17 15:28:14.018,10.0.0.20,10.0.0.25,1,3.21,3,294,98.0,0.0,0.696931,normal
2026-05-17 15:28:15.026,10.0.0.20,10.0.0.25,1,2.547,1,98,98.0,0.0,0.0,normal
2026-05-17 15:28:16.030,10.0.0.20,10.0.0.25,1,2.9829,4,392,98.0,0.0,0.548751,normal
2026-05-17 15:28:17.039,10.0.0.20,10.0.0.25,1,2.988,3,294,98.0,0.0,0.679216,normal
2026-05-17 15:28:18.040,10.0.0.20,10.0.0.25,1,3.2916,4,392,98.0,0.0,0.552696,normal
2026-05-17 15:28:19.043,10.0.0.20,10.0.0.25,1,3.2041,3,294,98.0,0.0,0.000642,normal
2026-05-17 15:28:20.052,10.0.0.20,10.0.0.25,1,3.1429,3,294,98.0,0.0,0.002392,normal
2026-05-17 15:28:21.055,10.0.0.20,10.0.0.25,1,3.1,3,294,98.0,0.0,0.003936,normal
2026-05-17 15:28:22.058,10.0.0.20,10.0.0.25,1,3.07,3,294,98.0,0.0,0.001635,normal
2026-05-17 15:28:23.062,10.0.0.20,10.0.0.25,1,3.049,3,294,98.0,0.0,0.001017,normal
2026-05-17 15:28:24.065,10.0.0.20,10.0.0.25,1,3.0343,3,294,98.0,0.0,0.002098,normal
2026-05-17 15:28:25.072,10.0.0.20,10.0.0.25,1,3.024,3,294,98.0,0.0,0.003147,normal
2026-05-17 15:28:26.075,10.0.0.20,10.0.0.25,1,3.0168,3,294,98.0,0.0,0.001145,normal
2026-05-17 15:28:27.079,10.0.0.20,10.0.0.25,1,2.7118,2,196,98.0,0.0,0.0,normal
2026-05-17 15:28:28.087,10.0.0.20,10.0.0.25,1,3.0982,4,392,98.0,0.0,0.548651,normal
2026-05-17 15:29:18.246,10.0.0.5,10.0.0.25,1,3.0,3,294,98.0,0.0,0.016104,normal
2026-05-17 15:29:18.246,10.0.0.10,10.0.0.25,1,2.4,1,98,98.0,0.0,0.0,normal
2026-05-17 15:29:18.246,10.0.0.11,10.0.0.17,0,2.3827,1,98,98.0,0.0,0.0,normal
2026-05-17 15:29:18.246,10.0.0.3,10.0.0.25,1,5.1,3,294,98.0,0.0,0.056643,normal
2026-05-17 15:29:18.246,10.0.0.7,10.0.0.25,1,33.1212,2,196,98.0,0.0,0.0,normal
2026-05-17 15:29:18.246,10.0.0.11,10.0.0.25,1,10.17,1,98,98.0,0.0,0.0,normal
2026-05-17 15:29:18.246,10.0.0.3,10.0.0.8,0,3.0,3,294,98.0,0.0,0.056603,normal
2026-05-17 15:29:18.246,10.0.0.6,10.0.0.12,0,3.0,3,294,98.0,0.0,0.008662,normal
2026-05-17 15:29:18.246,10.0.0.2,10.0.0.25,1,3.0,3,294,98.0,0.0,0.045325,normal
2026-05-17 15:29:18.246,10.0.0.6,10.0.0.25,1,4.47,3,294,98.0,0.0,0.024357,normal
2026-05-17 15:29:19.266,10.0.0.10,10.0.0.25,1,2.28,2,196,98.0,0.0,0.0,normal
2026-05-17 15:29:19.266,10.0.0.11,10.0.0.17,0,2.2679,2,196,98.0,0.0,0.0,normal
2026-05-17 15:29:19.266,10.0.0.15,10.0.0.25,1,3.0,3,294,98.0,0.0,0.081675,normal
2026-05-17 15:29:19.266,10.0.0.12,10.0.0.25,1,10.9241,3,294,98.0,0.0,0.10194,normal
2026-05-17 15:29:19.266,10.0.0.24,10.0.0.6,0,37.5781,1,98,98.0,0.0,0.0,normal
2026-05-17 15:29:19.266,10.0.0.7,10.0.0.25,1,23.4848,1,98,98.0,0.0,0.0,normal
2026-05-17 15:29:19.266,10.0.0.11,10.0.0.25,1,7.719,2,196,98.0,0.0,0.0,normal
2026-05-17 15:29:19.266,10.0.0.19,10.0.0.25,1,23.3983,3,294,98.0,0.0,0.268274,normal
2026-05-17 15:29:19.266,10.0.0.16,10.0.0.25,1,17.916,3,294,98.0,0.0,0.267994,normal
2026-05-17 15:29:19.266,10.0.0.21,10.0.0.3,0,40.5307,1,98,98.0,0.0,0.0,normal
2026-05-17 15:29:19.266,10.0.0.14,10.0.0.25,1,25.1546,3,294,98.0,0.0,0.103339,normal
2026-05-17 15:29:19.266,10.0.0.20,10.0.0.25,1,2.4688,1,98,98.0,0.0,0.0,normal
2026-05-17 15:29:19.266,10.0.0.17,10.0.0.25,1,16.236,3,294,98.0,0.0,0.266939,normal
2026-05-17 15:29:20.284,10.0.0.24,10.0.0.6,0,26.6047,1,98,98.0,0.0,0.0,normal
2026-05-17 15:29:20.284,10.0.0.21,10.0.0.3,0,28.6715,1,98,98.0,0.0,0.0,normal
2026-05-17 15:29:20.284,10.0.0.20,10.0.0.25,1,2.0281,1,98,98.0,0.0,0.0,normal
